  0.648127   0.068942  -0.758405     0   3
 -0.146667   0.830217   0.537799  2000   3
 -0.362539  -0.931744   0.020454   700   3
 -0.858073   0.100453  -0.503607  2000   3
 -0.471663  -0.509692   0.719547  2000   3
 -0.634003   0.390650   0.667408   700   3
  0.840383  -0.449090  -0.303439  2000   3
  0.589056   0.798374   0.124947  2000   3
  0.749869  -0.376088   0.544293   700   3
 -0.199912  -0.169851  -0.964980  2000   3
  0.693152  -0.472511   0.544310     0   3
 -0.256864   0.814280  -0.520548  2000   3
  0.061431   0.175303  -0.982596   700   3
 -0.902330  -0.138450   0.408207  2000   3
  0.425473  -0.437870   0.791986  2000   3
  0.961837   0.231276  -0.146221   700   3
  0.381269  -0.415728  -0.825714  2000   3
 -0.224607  -0.931187   0.287128  2000   3
  0.184318   0.613929   0.767540   700   3
 -0.683758  -0.458659  -0.567545  2000   3
  0.415111   0.805583   0.422752     0   3
  0.601609  -0.798218  -0.030240  2000   3
  0.496803  -0.856172   0.141972   700   3
 -0.320436   0.047031   0.946102  2000   3
 -0.928932  -0.359021  -0.090492  2000   3
  0.389265   0.797229  -0.461409   700   3
  0.034599   0.999282  -0.015416  2000   3
 -0.841508   0.509179   0.180556     0   3
  0.888319  -0.358230   0.287332  2000   3
 -0.587325  -0.428366  -0.686697   700   3
 -0.065967   0.391429  -0.917841  2000   3
  0.404799   0.618297   0.673681  2000   3
 -0.926076   0.255335   0.277827   700   3
  0.724202   0.381373  -0.574531  2000   3
 -0.642619   0.470011   0.605087  2000   3
 -0.424653  -0.439477   0.791536   700   3
 -0.243999  -0.898247  -0.365537  2000   3
 -0.563468  -0.768915   0.302115     0   3
 -0.710100   0.645193  -0.281928  2000   3
 -0.350908   0.883909   0.309142   700   3
 -0.490356  -0.045290  -0.870345  2000   3
  0.390407   0.755282  -0.526432  2000   3
 -0.574008   0.030316  -0.818288   700   3
  0.975739  -0.009069   0.218751  2000   3
  0.387185  -0.870301  -0.304408  2000   3
 -0.862262  -0.437798  -0.254632   700   3
  0.159097   0.481367   0.861959  2000   3
 -0.300277  -0.154917  -0.941188     0   3
 -0.773294  -0.630516   0.066835  2000   3
 -0.444933   0.701294  -0.556975   700   3
  0.513077   0.200284  -0.834648  2000   3
  0.950105  -0.145886  -0.275712  2000   3
  0.195336  -0.318889  -0.927445   700   3
  0.513901  -0.649705   0.560169  2000   3
 -0.132995   0.901107  -0.412697     0   3
 -0.170574  -0.607076   0.776120  2000   3
 -0.111962  -0.898233  -0.425020   700   3
 -0.300053   0.953895   0.007286  2000   3
 -0.022601  -0.062336   0.997799  2000   3
  0.815407   0.053240  -0.576435   700   3
  0.885262   0.246009   0.394703  2000   3
 -0.127877   0.603439   0.787089  2000   3
  0.054037  -0.903042   0.426139   700   3
  0.517565   0.831142  -0.203294  2000   3
 -0.278924   0.525292   0.803909     0   3
 -0.964443   0.264233  -0.005534  2000   3
 -0.982103   0.121120  -0.144234   700   3
  0.637580  -0.194398   0.745454  2000   3
 -0.573284   0.174209   0.800623  2000   3
  0.724097   0.684211  -0.086827   700   3
  0.117740  -0.951798   0.283229  2000   3
 -0.519346  -0.744051  -0.420319  2000   3
  0.329532  -0.380409   0.864117   700   3
  0.880064   0.404108  -0.249369  2000   3
 -0.835547  -0.229245  -0.499307     0   3
 -0.644807   0.686945   0.335158  2000   3
  0.706608  -0.643754  -0.293744   700   3
 -0.168083   0.634738  -0.754226  2000   3
 -0.137684  -0.760570  -0.634489  2000   3
  0.226155   0.185052   0.956352   700   3
  0.807016  -0.212433  -0.550997  2000   3
  0.266205  -0.934031  -0.238163     0   3
 -0.729908  -0.146912  -0.667571  2000   3
  0.536732   0.753955   0.378775   700   3
 -0.665394  -0.630238   0.400064  2000   3
  0.106754  -0.288945  -0.951375  2000   3
 -0.488151  -0.007826   0.872724   700   3
  0.459517  -0.848493   0.262497  2000   3
  0.291762  -0.179431   0.939510  2000   3
 -0.063954   0.997925  -0.007411   700   3
  0.056380  -0.960289  -0.273252  2000   3
 -0.068927  -0.439318   0.895684     0   3
  0.776873   0.564280   0.279386  2000   3
 -0.822345   0.551335  -0.140634   700   3
 -0.824511   0.565792   0.007804  2000   3
  0.239577   0.309414  -0.920253  2000   3
 -0.736371  -0.478718   0.478107   700   3
 -0.991301  -0.106492   0.077348  2000   3
  0.070479   0.825554  -0.559905  2000   3
  0.860962   0.083701   0.501735   700   3
  0.416757  -0.682023  -0.600965  2000   3
  0.968757   0.196321  -0.151552     0   3
  0.470411   0.346512   0.811568  2000   3
  0.273567  -0.678998  -0.681266   700   3
 -0.722333   0.419838  -0.549520  2000   3
 -0.737570  -0.072841   0.671330  2000   3
  0.026511   0.633830  -0.773018   700   3
 -0.325281  -0.943770  -0.059082  2000   3
