-0.411523  0.019866  0.911183    0 1
 0.305637 -0.385352  0.870684 2600 2
-0.398279 -0.787022  0.471138 1000 3
-0.890625  0.228103  0.393391  400 4
-0.771115  0.504562  0.388328 2600 1
-0.747477  0.195377 -0.634907 1000 2
 0.479183  0.861333  0.168790 2600 3
-0.120517  0.670790 -0.731790  400 4
 0.512907  0.276653 -0.812643 2600 1
 0.328681 -0.717858 -0.613717 1000 2
-0.920810  0.112961 -0.373295 2600 3
-0.303990 -0.782310 -0.543673  400 4
-0.887828  0.090267  0.451235 1000 1
 0.395743 -0.886941  0.238164 2600 2
 0.822242  0.465336  0.327691 1000 3
 0.146595 -0.530962 -0.834619 2600 4
 0.927579  0.114130  0.355770  400 1
 0.430904  0.393845  0.811916 2600 2
-0.427876  0.808767 -0.403506 1000 3
 0.874402 -0.273355  0.400872    0 4
 0.808501  0.505023 -0.302121 2600 1
 0.003673  0.089438  0.995986  400 2
-0.224203  0.051881 -0.973160 1000 3
-0.326408 -0.720957  0.611292 2600 4
 0.960714 -0.100185 -0.258826 2600 1
-0.510198 -0.732060  0.451427  400 2
 0.519994  0.138916 -0.842798 1000 3
-0.123746  0.981861  0.143655 2600 4
 0.169361  0.944073  0.282920 1000 1
-0.703997 -0.451290 -0.548384 2600 2
 0.471695 -0.879935 -0.056730  400 3
 0.033448 -0.017897  0.999280 2600 4
-0.892427  0.444123  0.079558 1000 1
-0.275359  0.960785 -0.032696    0 2
-0.665680  0.650358 -0.365930 2600 3
-0.685898  0.548113 -0.478661  400 4
-0.447836 -0.542356 -0.710839 1000 1
 0.625898 -0.326461 -0.708290 2600 2
-0.150579  0.757980 -0.634660 2600 3
-0.768051 -0.616611  0.172884 1000 4
 0.408089  0.265129 -0.873596  400 1
-0.968037 -0.250769 -0.004444 2600 2
-0.158177 -0.480358  0.862691 1000 3
 0.003670 -0.851545 -0.524269 2600 4
 0.207169  0.977722  0.033786  400 1
-0.544361 -0.813474  0.204771 2600 2
 0.031213  0.476303  0.878727 1000 3
-0.627927 -0.678401 -0.381418    0 4
 0.681587 -0.140636  0.718095 2600 1
 0.563242 -0.539847 -0.625558  400 2
 0.365745 -0.524461  0.768876 1000 3
-0.456719  0.680138  0.573428 2600 4
-0.356386  0.930893  0.080168 1000 1
-0.909053  0.409514 -0.076940 2600 2
 0.700749  0.700982  0.132566  400 3
 0.147568  0.445344 -0.883115 2600 4
 0.998820  0.045990  0.015600 1000 1
 0.204796  0.975639 -0.078659 2600 2
-0.276016 -0.284594 -0.918053  400 3
 0.021557  0.966040 -0.257493 1000 4
-0.331467  0.126913  0.934892 2600 1
 0.484736  0.528331 -0.697063    0 2
-0.386408 -0.715841 -0.581602 2600 3
 0.516257 -0.505279 -0.691500 1000 4
 0.914486  0.251387 -0.317049  400 1
-0.544490  0.810060  0.217564 2600 2
 0.742673 -0.669041  0.028656 1000 3
 0.805931  0.084860 -0.585896 2600 4
 0.569132  0.286943  0.770553  400 1
 0.774502  0.626792  0.085310 2600 2
-0.771143 -0.449220  0.451154 1000 3
 0.658956 -0.376749  0.651028 2600 4
-0.922700  0.373706  0.094699  400 1
 0.419150  0.130708  0.898459 1000 2
 0.037211 -0.885525  0.463099 2600 3
-0.096339 -0.167798 -0.981103    0 4
-0.141355 -0.192860 -0.970991 2600 1
-0.643565 -0.763179 -0.058155 1000 2
-0.406804  0.775740 -0.482430  400 3
-0.779993 -0.224815 -0.584011 2600 4
-0.883429  0.260933 -0.389189 1000 1
 0.981295  0.030687  0.190050 2600 2
 0.343852 -0.752966 -0.561078  400 3
-0.707812 -0.491567  0.507311 2600 4
 0.150124 -0.274709 -0.949736 1000 1
 0.516253 -0.020294  0.856196 2600 2
-0.778899 -0.035234 -0.626159  400 3
-0.176598 -0.831348 -0.526948 1000 4
 0.794398 -0.606909  0.024357 2600 1
 0.731437 -0.264449 -0.628543 1000 2
-0.056032  0.709895  0.702075 2600 3
 0.435050 -0.304113  0.847494  400 4
 0.034634 -0.995885  0.083752 2600 1
 0.139977 -0.877486  0.458721 1000 2
 0.726548 -0.684765 -0.056789    0 3
-0.376419  0.695757 -0.611744 2600 4
 0.204557  0.757523 -0.619932  400 1
 0.926968  0.224911  0.300243 1000 2
-0.643236 -0.089295  0.760443 2600 3
-0.280533 -0.933361 -0.223916 2600 4
-0.699900 -0.685744  0.199740  400 1
 0.419986  0.402231 -0.813524 1000 2
-0.765534 -0.552239 -0.330136 2600 3
-0.153809 -0.988023 -0.012367 1000 4
-0.375094 -0.488688  0.787711 2600 1
-0.597206  0.008411  0.802044  400 2
 0.401911 -0.825352 -0.396562 2600 3
-0.334319  0.055457  0.940827 1000 4
-0.665674 -0.721953  0.188841    0 1
-0.871556  0.119557  0.475495 2600 2
 0.095518  0.938629  0.331440  400 3
 0.575980 -0.799299 -0.171374 1000 4
 0.442053 -0.499376 -0.745126 2600 1
-0.072216 -0.243433  0.967225 2600 2
 0.012403  0.715716 -0.698281 1000 3
-0.003168 -0.975256  0.221056  400 4
-0.759753  0.458832 -0.460705 2600 1
-0.579311 -0.310351 -0.753711 1000 2
 0.304042  0.579229  0.756341 2600 3
-0.220013  0.584357  0.781103  400 4
 0.667829 -0.675638  0.312277 1000 1
 0.521250  0.632893 -0.572490 2600 2
 0.013975 -0.466096  0.884624    0 3
 0.468766 -0.883174  0.016174 2600 4
-0.620022 -0.645451 -0.446056  400 1
 0.900322  0.378163 -0.215438 1000 2
 0.961296 -0.259572 -0.092372 2600 3
-0.025375  0.270815 -0.962297 1000 4
-0.211998 -0.863504  0.457621 2600 1
 0.877910 -0.228934  0.420552  400 2
 0.003371 -0.371390 -0.928471 2600 3
 0.427269  0.857963  0.285203 1000 4
 0.903632  0.113492  0.413000 2600 1
 0.678573  0.286265 -0.676455  400 2
-0.868630  0.347879  0.352791 1000 3
-0.918636 -0.316502  0.236506 2600 4
 0.303379 -0.789007 -0.534257    0 1
-0.460702  0.496772 -0.735508 2600 2
 0.675948  0.058486  0.734624 1000 3
 0.748531 -0.660253 -0.061378  400 4
 0.228460  0.861591  0.453285 2600 1
-0.345250  0.868321  0.356120 1000 2
 0.204702  0.060920 -0.976927 2600 3
 0.101267  0.215133 -0.971320  400 4
-0.883042 -0.442021 -0.157652 2600 1
-0.744453 -0.033015  0.666858 1000 2
-0.732358  0.647623  0.210324 2600 3
-0.880472 -0.467278  0.080126  400 4
-0.576509  0.370842 -0.728089 1000 1
-0.277205 -0.026858 -0.960435 2600 2
-0.671995 -0.247555 -0.697954    0 3
 0.021116 -0.618533  0.785475 2600 4
-0.241867  0.530718  0.812305 1000 1
-0.983647  0.030358  0.177529  400 2
 0.328624  0.908280 -0.258908 2600 3
 0.963649 -0.249330  0.095995 1000 4
-0.659928 -0.098115 -0.744895 2600 1
 0.135332 -0.989045 -0.058954  400 2
 0.483198 -0.770804  0.415188 2600 3
 0.540106  0.558685 -0.629410 1000 4
 0.640855  0.725533  0.250813 2600 1
-0.016571  0.795734  0.605419  400 2
 0.541711  0.817353 -0.196169 1000 3
-0.556741  0.110120  0.823355 2600 4
 0.096339 -0.864035 -0.494128 1000 1
 0.180976 -0.915242 -0.359973 2600 2
 0.248915 -0.072883  0.965779  400 3
-0.165162  0.948250 -0.271190 2600 4
 0.782924  0.279448  0.555823 1000 1
-0.951820 -0.277249 -0.131042    0 2
 0.836828  0.304807 -0.454765 2600 3
 0.427361 -0.329309 -0.841973  400 4
 0.123716  0.206788  0.970532 1000 1
 0.886905 -0.338759  0.314074 2600 2
-0.627138  0.518262  0.581466 2600 3
-0.470613 -0.540780  0.697194  400 4
-0.829607 -0.552851 -0.078153 1000 1
 0.242945 -0.351722 -0.904029 2600 2
 0.963894  0.110150 -0.242434 1000 3
 0.737292  0.659085 -0.148350 2600 4
-0.138054 -0.577861 -0.804374  400 1
 0.869505 -0.468183 -0.157368 2600 2
-0.737481  0.461162 -0.493408 1000 3
-0.658562  0.403794  0.635016    0 4
-0.999175  0.036435  0.017922 2600 1
-0.623827  0.748677 -0.224326  400 2
-0.205974 -0.647629 -0.733588 1000 3
-0.364300  0.169902 -0.915652 2600 4
-0.523202 -0.539567 -0.659642 2600 1
 0.109735 -0.993802  0.017761 1000 2
-0.980133 -0.192229 -0.048864  400 3
-0.778538  0.325857  0.536373 2600 4
 0.138144  0.855539 -0.498968 1000 1
 0.050609  0.944645  0.324169 2600 2
-0.771813  0.516886  0.370316  400 3
 0.424211  0.187473  0.885945 2600 4
 0.704710 -0.497354 -0.505987 1000 1
 0.498525 -0.241924  0.832434    0 2
 0.082767 -0.426839  0.900532 2600 3
 0.483160  0.872032 -0.078212  400 4
-0.108494  0.519994 -0.847252 1000 1
-0.707545 -0.283758  0.647195 2600 2
-0.651046 -0.689998 -0.316294 1000 3
 0.444057  0.792252 -0.418509 2600 4
 0.141845 -0.405377  0.903078  400 1
-0.442263 -0.810839 -0.383332 2600 2
-0.579733  0.134171  0.803684 1000 3
-0.650280  0.759332  0.023470 2600 4
-0.689343  0.284513 -0.666227  400 1
-0.534309  0.836424 -0.122102 1000 2
 0.848145  0.350405  0.397325 2600 3
 0.125264  0.890896 -0.436594    0 4
-0.088523 -0.564514 -0.820663 2600 1
 0.304724 -0.300065  0.903938 1000 2
 0.836367  0.046287 -0.546211  400 3
-0.620690 -0.784016 -0.007936 2600 4
-0.252581 -0.215815  0.943200 1000 1
 0.304596  0.279211 -0.910638 2600 2
 0.852796 -0.479425  0.207100  400 3
 0.802437 -0.549053  0.233741 2600 4
 0.668720  0.308758 -0.676374 1000 1
-0.812608  0.010854 -0.582710 2600 2
-0.277797 -0.901608  0.331559  400 3
-0.858399 -0.021894 -0.512515 1000 4
-0.231982  0.799679  0.553803 2600 1
-0.163176 -0.643153 -0.748150    0 2
-0.260534  0.964126 -0.050826 2600 3
-0.753841  0.606102  0.253700 1000 4
 0.321266 -0.921071  0.220038  400 1
 0.916436  0.100506 -0.387354 2600 2
-0.098541  0.964364  0.245544 1000 3
 0.609221 -0.681970 -0.404680 2600 4
-0.080825  0.362936  0.928302  400 1
-0.082841 -0.773858  0.627918 2600 2
-0.963469  0.035624 -0.265438 1000 3
 0.596331  0.651535  0.468925 2600 4
 0.565610 -0.756066 -0.329316  400 1
 0.435087  0.734467  0.520823 1000 2
-0.104826  0.165908  0.980554 2600 3
-0.534752  0.623728 -0.570091 1000 4
 0.578721 -0.587819  0.565289 2600 1
 0.861310  0.442564  0.249563  400 2
 0.878777  0.471971 -0.070672 2600 3
-0.285680 -0.660100  0.694733 1000 4
 0.963023 -0.214983 -0.162383    0 1
-0.271267  0.849569 -0.452379 2600 2
 0.171425  0.517487 -0.838344  400 3
-0.300969 -0.385097 -0.872420 1000 4
-0.407004 -0.912951  0.029466 2600 1
-0.433108 -0.077939  0.897966 2600 2
-0.311600  0.055190  0.948609  400 3
 0.283303 -0.934621  0.214995 1000 4
-0.244571  0.585383 -0.772989 2600 1
 0.290042  0.924959 -0.245616 1000 2
 0.811298 -0.239534  0.533310 2600 3
 0.761184  0.364544  0.536383  400 4
 0.231022  0.379431  0.895913 2600 1
-0.970416  0.166568  0.174777 1000 2
 0.214326  0.958826  0.186324    0 3
 0.892378 -0.311440 -0.326598 2600 4
-0.709747  0.262783  0.653608  400 1
 0.062888  0.003433 -0.998015 1000 2
-0.643588 -0.672022  0.366307 2600 3
-0.968651  0.199057 -0.148631 2600 4
-0.406184 -0.913381 -0.027387 1000 1
 0.433255 -0.567643  0.700051  400 2
-0.102933 -0.988617 -0.109734 2600 3
-0.055440  0.704742  0.707295 1000 4
 0.203145  0.621467 -0.756645 2600 1
 0.434615  0.862811  0.258198  400 2
 0.547833 -0.707821 -0.445947 1000 3
 0.166267  0.740166  0.651544 2600 4
-0.462993  0.719546 -0.517582    0 1
-0.282228  0.643404  0.711603 2600 2
-0.747669 -0.488403  0.449948  400 3
 0.949343  0.311608  0.040606 1000 4
-0.733899  0.122331  0.668153 2600 1
 0.849242 -0.482897  0.213540 1000 2
-0.523148  0.278787 -0.805353 2600 3
-0.240186  0.913255  0.329052  400 4
-0.609909  0.768922 -0.191754 2600 1
-0.410569  0.322328  0.852958 1000 2
-0.613005 -0.312031 -0.725852 2600 3
 0.980457 -0.144592  0.133404  400 4
-0.978818 -0.114435  0.169767 2600 3
-0.535762  0.002037 -0.844367  400 2
 0.944686  0.240409  0.223095 2600 4
 0.259651 -0.726467  0.636261 1000 1
-0.629183 -0.666669  0.399600 1000 2
 0.343397 -0.921593 -0.180957 2600 1
 0.850372  0.195885 -0.488362    0 3
 0.511315 -0.128053  0.849799 1000 4
 0.085229  0.955668 -0.281843 2600 1
-0.084279  0.865038 -0.494577  400 2
 0.565647  0.455384 -0.687509 2600 3
 0.655148  0.526167  0.542152 1000 4
 0.152107 -0.208315  0.966162 2600 1
-0.442563 -0.552025 -0.706687  400 2
 0.445414 -0.305057 -0.841752 2600 3
-0.857924 -0.195860  0.474980 1000 4
