  0.531362   0.593887  -0.604112     0   1
 -0.346497   0.249237  -0.904335  1000   1
 -0.679516   0.385654  -0.624122   400   1
  0.672892   0.739502   0.018791  1000   1
 -0.737958   0.575310   0.352756  1000   1
 -0.575288  -0.100047   0.811810   400   1
  0.195886  -0.932834   0.302405  1000   1
 -0.629059  -0.245921   0.737433  1000   1
 -0.435630  -0.849417  -0.297854   400   1
  0.161141   0.630918   0.758931  1000   1
  0.329473   0.301915   0.894592     0   1
  0.916171  -0.214037   0.338848  1000   1
  0.542379  -0.765213  -0.346805   400   1
  0.291464  -0.240556  -0.925841  1000   1
 -0.928838  -0.304546  -0.210980  1000   1
  0.910495   0.404290   0.086881   400   1
  0.251744   0.734176  -0.630564  1000   1
  0.021571  -0.966279  -0.256593  1000   1
 -0.122541   0.833178  -0.539257   400   1
  0.891405  -0.100097  -0.442016  1000   1
  0.501868  -0.850585   0.156950     0   1
 -0.639617  -0.388458  -0.663318  1000   1
  0.004255   0.238523   0.971128   400   1
  0.519020  -0.608549   0.600239  1000   1
  0.939730  -0.167344  -0.298167   400   1
 -0.668337   0.734674  -0.116534  1000   1
 -0.628513  -0.327420  -0.705526   400   1
 -0.360026   0.698010   0.619003  1000   1
  0.541842   0.754020  -0.371297   400   1
  0.129435   0.289108  -0.948506  1000   1
 -0.845061  -0.173347  -0.505790     0   1
  0.857855   0.419461  -0.296880  1000   1
 -0.216411   0.835710   0.504733   400   1
 -0.484207  -0.850440   0.205658  1000   1
  0.301532   0.058187   0.951679  1000   1
  0.729955  -0.599742   0.327833   400   1
 -0.955345   0.292872  -0.039270  1000   1
  0.361604   0.754675   0.547456  1000   1
 -0.269082  -0.388454   0.881305   400   1
  0.333599  -0.920782  -0.202166  1000   1
 -0.689869   0.605668   0.396545     0   1
 -0.777735   0.146720  -0.611229  1000   1
  0.066935  -0.987082   0.145566   400   1
  0.563774  -0.282287  -0.776191  1000   1
 -0.044001   0.676386  -0.735232  1000   1
 -0.995336   0.013440  -0.095523   400   1
  0.164116   0.986005   0.029342  1000   1
 -0.471792  -0.519511   0.712404  1000   1
  0.406357  -0.287446  -0.867323   400   1
 -0.226418  -0.359630  -0.905208  1000   1
 -0.236978  -0.964908   0.113113     0   1
  0.971614   0.231738  -0.047567  1000   1
 -0.409317   0.301799  -0.861032   400   1
 -0.541011  -0.791202  -0.285143  1000   1
  0.470280   0.644559   0.602810   400   1
  0.826561  -0.558252  -0.071775  1000   1
 -0.802454  -0.508556   0.312150   400   1
 -0.217938  -0.021940   0.975716  1000   1
 -0.682629   0.730729   0.007237   400   1
 -0.452359   0.819171  -0.352604  1000   1
  0.308683  -0.371294  -0.875703     0   1
  0.737030   0.122564   0.664654  1000   1
  0.089095  -0.179206   0.979769   400   1
 -0.770603   0.328520   0.546119  1000   1
  0.102706  -0.688559  -0.717871  1000   1
  0.343676   0.938159  -0.041762   400   1
 -0.514841  -0.707882   0.483572  1000   1
  0.104080  -0.428874   0.897349  1000   1
  0.134433  -0.578597  -0.804459   400   1
 -0.775875  -0.579199  -0.250095  1000   1
  0.888454   0.450034  -0.090103     0   1
  0.758023  -0.405016   0.511236  1000   1
  0.884575   0.188484   0.426615   400   1
  0.814909   0.200951  -0.543638  1000   1
 -0.087204  -0.970300   0.225639  1000   1
 -0.733972   0.228345   0.639643   400   1
  0.506708  -0.765663  -0.396242  1000   1
 -0.986797   0.081578   0.139916  1000   1
 -0.253704  -0.689138   0.678766   400   1
  0.010306   0.173528   0.984775  1000   1
 -0.597038   0.372865  -0.710294     0   1
  0.081885   0.840980   0.534835  1000   1
 -0.427049   0.860992  -0.276265   400   1
 -0.574144   0.347468  -0.741367  1000   1
  0.820523   0.155267  -0.550122   400   1
  0.007183   0.861926  -0.506983  1000   1
 -0.378115  -0.095843  -0.920784   400   1
  0.816273   0.358318   0.453108  1000   1
  0.055255   0.969595   0.238396   400   1
 -0.496250   0.008587   0.868137  1000   1
 -0.089558  -0.224909   0.970255     0   1
  0.420884  -0.903993   0.075195  1000   1
  0.898886  -0.212248   0.383346   400   1
 -0.704792  -0.658770   0.263230  1000   1
 -0.489610  -0.228508  -0.841466  1000   1
  0.795953  -0.497140  -0.345414   400   1
 -0.342005   0.484879   0.804938  1000   1
  0.989109   0.000952   0.147181  1000   1
 -0.741836  -0.561011  -0.367349   400   1
  0.419516   0.906507   0.047444  1000   1
 -0.094606   0.877046   0.471000     0   1
  0.395992   0.276381  -0.875673  1000   1
 -0.095347   0.552768  -0.827863   400   1
 -0.849712   0.481138  -0.215628  1000   1
  0.268254  -0.773636   0.574045  1000   1
 -0.133060  -0.794072  -0.593081   400   1
  0.614720   0.615256   0.493538  1000   1
  0.589883  -0.531052  -0.608294  1000   1
  0.591961   0.470877  -0.654108   400   1
 -0.140785   0.989909  -0.016103  1000   1
  0.957899  -0.277244   0.074605     0   1
 -0.940817  -0.145375   0.306152  1000   1
  0.427385  -0.655087   0.623059   400   1
  0.562530  -0.063124   0.824363  1000   1
 -0.507814   0.562021   0.652883   400   1
  0.698070   0.478966  -0.532250  1000   1
 -0.914819   0.402873  -0.028281   400   1
  0.057096  -0.446939  -0.892741  1000   1
  0.685037   0.728492   0.004876   400   1
 -0.611412   0.777789   0.145669  1000   1
 -0.801007  -0.011072   0.598553     0   1
 -0.198675  -0.533860   0.821901  1000   1
  0.252269   0.471460   0.845036   400   1
 -0.266194  -0.911747  -0.312823  1000   1
 -0.904048  -0.070698  -0.421544  1000   1
 -0.203826  -0.901706   0.381289   400   1
 -0.324906   0.537228  -0.778346  1000   1
  0.901361  -0.343716  -0.263453  1000   1
  0.700721  -0.028110   0.712881   400   1
 -0.198325   0.867571   0.456056  1000   1
 -0.530227  -0.740788  -0.412424     0   1
 -0.859371  -0.510923   0.020958  1000   1
  0.248386   0.030419  -0.968183   400   1
  0.090311  -0.116461   0.989081  1000   1
  0.285007   0.879198  -0.381815  1000   1
  0.324453  -0.939978  -0.105701   400   1
  0.725793  -0.050353  -0.686067  1000   1
  0.672808  -0.638417   0.373835  1000   1
 -0.958999  -0.190431   0.209897   400   1
  0.414153   0.529049   0.740665  1000   1
 -0.101415   0.761596  -0.640068     0   1
