  0.224340   0.333319  -0.915735     0   1
 -0.268982  -0.937679  -0.220014  1000   2
 -0.965294   0.247364   0.083781   400   1
  0.860928  -0.316497   0.398288  1000   2
 -0.439060   0.038142   0.897648  1000   1
  0.129932  -0.033535   0.990956   400   2
  0.718174   0.545542  -0.431983  1000   1
  0.077582   0.988350   0.130940   400   2
 -0.251018   0.529376  -0.810401  1000   1
 -0.270828   0.790980   0.548638  1000   2
  0.528254   0.573310  -0.626309   400   1
  0.549502   0.195902   0.812201  1000   2
  0.977285  -0.172446   0.123193     0   1
 -0.884414   0.317543   0.342021  1000   2
  0.630850   0.374023   0.679805   400   1
 -0.505665   0.855003  -0.115205  1000   2
  0.763983   0.540626   0.352212  1000   1
  0.360315  -0.416422  -0.834725   400   2
 -0.249571  -0.739041   0.625726  1000   1
  0.394003  -0.654326   0.645460   400   2
 -0.984314  -0.091243  -0.150997  1000   1
  0.247258  -0.855924  -0.454156     0   2
 -0.101879   0.366586   0.924789  1000   1
 -0.721729  -0.689084  -0.065352   400   2
 -0.053939   0.127418  -0.990381  1000   1
  0.008790  -0.982740   0.184786  1000   2
 -0.546565   0.823746   0.150697   400   1
  0.289813   0.664185   0.689106  1000   2
 -0.832274  -0.548911  -0.077572     0   1
  0.474157  -0.559344  -0.679933  1000   2
 -0.769446  -0.232726   0.594804   400   1
 -0.463191  -0.857935   0.222266  1000   2
 -0.824777  -0.120450   0.552480  1000   1
 -0.668260   0.312301  -0.675201   400   2
  0.744610  -0.603219  -0.285802  1000   1
 -0.193374  -0.861282  -0.469894   400   2
 -0.746966   0.206842  -0.631869  1000   1
  0.463401  -0.786348   0.408554  1000   2
 -0.143819   0.879751  -0.453161   400   1
  0.866369   0.482487  -0.128883  1000   2
  0.573068  -0.423955   0.701324     0   1
  0.276682  -0.915592  -0.291783  1000   2
  0.920243   0.391348   0.000240   400   1
 -0.229181  -0.213781   0.949618  1000   2
 -0.712638  -0.372976  -0.594168  1000   1
  0.099807   0.345166  -0.933219   400   2
  0.250294   0.495222  -0.831930  1000   1
  0.907089  -0.275335   0.318403   400   2
  0.540938   0.782580   0.308146  1000   1
 -0.782413   0.481934   0.394423     0   2
  0.941406  -0.008989  -0.337155  1000   1
 -0.472704   0.702213   0.532398   400   2
  0.277051   0.345290   0.896670  1000   1
 -0.855109   0.488783  -0.172856  1000   2
  0.598757  -0.049026  -0.799429   400   1
 -0.006934   0.871499  -0.490349  1000   2
  0.218601   0.975396   0.028579     0   1
  0.530602  -0.371169   0.762034  1000   2
 -0.526510  -0.803790   0.276963   400   1
 -0.001460   0.918449   0.395537  1000   2
  0.606641  -0.272481  -0.746820  1000   1
 -0.336325  -0.277723  -0.899864   400   2
  0.909737  -0.029022   0.414170  1000   1
  0.803475  -0.592270   0.060362   400   2
  0.478579   0.271960  -0.834865  1000   1
 -0.746207  -0.658442  -0.098131  1000   2
 -0.104168   0.705880   0.700630   400   1
 -0.333163  -0.031523  -0.942342  1000   2
 -0.357587   0.329511   0.873816     0   1
  0.725526  -0.687982  -0.017091  1000   2
 -0.830215  -0.043891  -0.555713   400   1
 -0.975225  -0.191340   0.111018  1000   2
  0.227826  -0.765761   0.601419  1000   1
  0.871658  -0.144148  -0.468437   400   2
  0.209831  -0.604309  -0.768623  1000   1
 -0.171452  -0.955416   0.240384   400   2
 -0.012715   0.992785   0.119234  1000   1
 -0.090313   0.823315  -0.560354     0   2
 -0.703503   0.468001   0.534844  1000   1
 -0.499825   0.827513  -0.255729   400   2
  0.231837   0.900212  -0.368605  1000   1
 -0.485361  -0.544328   0.684202  1000   2
 -0.563125  -0.697995  -0.442372   400   1
 -0.552166  -0.639160  -0.535339  1000   2
 -0.348443  -0.693440  -0.630657     0   1
  0.986928  -0.127052  -0.099149  1000   2
  0.023830  -0.635869   0.771429   400   1
  0.186068  -0.078410  -0.979403  1000   2
  0.692830  -0.502726   0.516964  1000   1
 -0.960539  -0.127723   0.247085   400   2
  0.525026  -0.832228  -0.178167  1000   1
 -0.441030  -0.306519   0.843528   400   2
  0.011963  -0.403741   0.914795  1000   1
 -0.883599  -0.258374  -0.390506  1000   2
  0.012597  -0.377021  -0.926119   400   1
 -0.082626  -0.549619  -0.831319  1000   2
 -0.576473   0.804830  -0.141164     0   1
  0.518428   0.853709   0.049125  1000   2
  0.211985  -0.907216  -0.363348   400   1
  0.685096   0.347697  -0.640118  1000   2
  0.563401  -0.091424   0.821109  1000   1
  0.835190   0.406572   0.370348   400   2
 -0.248376   0.920436  -0.301841  1000   1
  0.785021   0.520716  -0.335555   400   2
 -0.691234  -0.697813   0.187758  1000   1
  0.835979   0.134406  -0.532047     0   2
 -0.900706   0.424870   0.090637  1000   1
  0.289528   0.615842   0.732743   400   2
 -0.283399  -0.834177  -0.473111  1000   1
 -0.654799  -0.037548   0.754870  1000   2
 -0.315166   0.355633  -0.879884   400   1
 -0.467959   0.614952  -0.634703  1000   2
  0.787260  -0.534724  -0.307070   400   1
 -0.368928   0.338605   0.865586  1000   2
 -0.527661   0.724931   0.442774  1000   1
  0.238633   0.108999   0.964973     0   2
 -0.878272  -0.316333   0.358569  1000   1
  0.240943   0.776871  -0.581736   400   2
 -0.479634  -0.461182  -0.746500  1000   1
 -0.982095  -0.061242  -0.178152   400   2
  0.271910  -0.962322  -0.001404  1000   1
 -0.303232   0.261608  -0.916303  1000   2
 -0.249265   0.044257   0.967424   400   1
  0.912141   0.387800   0.132704  1000   2
 -0.682423   0.673715  -0.283561  1000   1
 -0.545944  -0.694376   0.468815     0   2
  0.229996  -0.971187   0.062438   400   1
  0.498065   0.729160  -0.469315  1000   2
  0.010022   0.771347   0.636335  1000   1
 -0.776371  -0.193995  -0.599679     0   2
  0.542245  -0.016073   0.840067   400   1
  0.763989   0.088399   0.639145  1000   2
 -0.242494  -0.968382   0.058597  1000   1
  0.802759  -0.174325  -0.570253  1000   2
  0.428944   0.896515   0.110763   400   1
 -0.008828  -0.663208   0.748383  1000   2
 -0.664436   0.391119   0.636829   400   1
  0.086715   0.162626   0.982870  1000   2
  0.699005  -0.574848   0.425372   400   1
  0.966035  -0.204960   0.157378  1000   1
