 -0.159903  -0.291132   0.943225     0   1
 -0.952622   0.300408  -0.047609  1000   1
 -0.096960  -0.995211   0.012368   400   1
  0.208950   0.431940   0.877364  1000   1
 -0.729606   0.116548   0.673864   400   1
 -0.137772  -0.956113   0.258586  1000   1
  0.438736   0.267712  -0.857812  1000   1
  0.709915   0.154359   0.687164   400   1
  0.910986   0.411011   0.034277  1000   1
 -0.059837  -0.950904  -0.303646     0   1
 -0.423567   0.408671  -0.808442  1000   1
  0.291426   0.598149  -0.746517   400   1
 -0.345409   0.772303   0.533142  1000   1
 -0.767309   0.624389  -0.146202   400   1
  0.538416  -0.818621   0.199920  1000   1
  0.400962   0.855599   0.327383  1000   1
 -0.041902   0.630425   0.775119   400   1
 -0.713795   0.276470   0.643475  1000   1
  0.926011  -0.166462   0.338813     0   1
 -0.779870  -0.079697  -0.620847  1000   1
 -0.848778  -0.519146   0.100322   400   1
 -0.679814  -0.481359   0.553304  1000   1
  0.012923   0.201361  -0.979432   400   1
  0.149842  -0.306349  -0.940052  1000   1
  0.168207  -0.646149   0.744445  1000   1
  0.582181  -0.772046  -0.254973   400   1
  0.203954  -0.948807  -0.241180  1000   1
 -0.869409  -0.099814   0.483906     0   1
  0.994632   0.028821  -0.099381  1000   1
  0.517683  -0.673260   0.527945   400   1
  0.459491   0.793621  -0.398792  1000   1
  0.724851   0.567425   0.390666   400   1
  0.514184  -0.037400   0.856864  1000   1
 -0.707151  -0.684094  -0.178753  1000   1
  0.953234   0.095005  -0.286912   400   1
 -0.781691   0.621675   0.049799  1000   1
 -0.394829   0.729153  -0.558969     0   1
 -0.159597  -0.060879   0.985303  1000   1
 -0.272667  -0.853757  -0.443567   400   1
 -0.283826  -0.692578  -0.663158  1000   1
 -0.477913   0.227459  -0.848446   400   1
  0.902272  -0.197679   0.383181  1000   1
  0.657724  -0.605485  -0.448093  1000   1
  0.261046  -0.240465  -0.934897   400   1
  0.116312   0.801651  -0.586368  1000   1
  0.310957  -0.466438  -0.828095     0   1
 -0.898373   0.031067   0.438132  1000   1
 -0.014863   0.887175  -0.461194   400   1
 -0.211069   0.971472  -0.108128  1000   1
  0.974220  -0.213499   0.072892   400   1
  0.822949   0.383400   0.419238  1000   1
 -0.517452   0.659642  -0.545083  1000   1
 -0.464487  -0.802658   0.374153   400   1
  0.475832  -0.114857  -0.872005  1000   1
 -0.774956  -0.591107  -0.223684     0   1
 -0.468862  -0.882165   0.044199  1000   1
 -0.179768   0.904301   0.387199   400   1
 -0.198242  -0.108035  -0.974181  1000   1
  0.230101   0.186935   0.955044   400   1
 -0.090370   0.639024   0.763860  1000   1
  0.110165   0.458141  -0.882027  1000   1
 -0.947981  -0.190188  -0.255264   400   1
 -0.891057  -0.318413   0.323467  1000   1
  0.391903   0.819905  -0.417335     0   1
  0.777119  -0.545191   0.314410  1000   1
 -0.464499  -0.182628   0.866538   400   1
 -0.544103  -0.324746  -0.773623  1000   1
 -0.852282   0.401169   0.335677   400   1
  0.137198   0.985025   0.104412  1000   1
  0.882510  -0.361409  -0.300932  1000   1
  0.539106   0.839977   0.061680   400   1
 -0.386185  -0.597252   0.702959  1000   1
  0.454667   0.221751   0.862615     0   1
 -0.042405  -0.875160  -0.481971  1000   1
  0.172025  -0.585688   0.792072   400   1
 -0.963460  -0.110830  -0.243845  1000   1
  0.498104  -0.553428  -0.667540   400   1
  0.161104  -0.242838   0.956596  1000   1
  0.734039   0.648132  -0.202761  1000   1
 -0.811955   0.276129  -0.514278   400   1
 -0.526863   0.832280   0.172408  1000   1
 -0.694011   0.695235   0.187076     0   1
  0.435595  -0.483505  -0.759263  1000   1
  0.724096   0.419251  -0.547644   400   1
  0.704138  -0.310646   0.638505  1000   1
 -0.419493  -0.525757  -0.740004   400   1
  0.225160  -0.866973   0.444591  1000   1
  0.715268   0.133538  -0.685973  1000   1
 -0.356825   0.924561  -0.133649   400   1
  0.592171   0.600872   0.536923  1000   1
