  0.457982  -0.865182   0.204239     0   3
 -0.248510  -0.968098  -0.032077  2600   3
 -0.400402   0.443418  -0.801910  1000   3
  0.345410   0.830959   0.436118   400   3
  0.582689  -0.126364   0.802811  2600   3
 -0.381479  -0.895325  -0.229926  1000   3
  0.842555  -0.014707  -0.538410  2600   3
  0.034196  -0.562808   0.825880   400   3
 -0.159986   0.571945   0.804540  2600   3
 -0.818460   0.350724   0.455100  1000   3
 -0.831547   0.529748  -0.167022  2600   3
  0.819823  -0.392293  -0.417130   400   3
  0.558787   0.316345  -0.766605  1000   3
 -0.209679  -0.556257   0.804123  2600   3
  0.843480   0.390292   0.369070  1000   3
 -0.887025  -0.375213  -0.269078  2600   3
 -0.849419   0.037726  -0.526369   400   3
  0.397266  -0.914268  -0.079327  2600   3
 -0.146568   0.490632   0.858952  1000   3
  0.1   0.1   0.1     0   1
  0.1   0.1   0.1     0   2
  0.1   0.1   0.1     0   3
  0.1   0.1   0.1     0   4
  0.364876   0.723148   0.586449  2600   3
  0.841837   0.487726  -0.231156   400   3
 -0.536583   0.832982  -0.134977  1000   3
  0.765562   0.482445  -0.425630  2600   3
  0.009080  -0.002708   0.999955  2600   3
  0.170581  -0.982947   0.068678   400   3
 -0.203791  -0.854643   0.477550  1000   3
 -0.405976   0.807122  -0.428647  2600   3
  0.918576  -0.241211   0.313106  1000   3
  0.715586  -0.568960  -0.405242  2600   3
  0.303832  -0.240300  -0.921923   400   3
  0.483098   0.231678  -0.844359  2600   3
  0.293917   0.181686   0.938405  1000   3
  0.280804   0.539099  -0.794053     0   3
  0.941259   0.054544   0.333252  2600   3
  0.543549   0.089014   0.834645   400   3
  0.757809   0.609656  -0.232477  1000   3
 -0.372308  -0.886824   0.273733  2600   3
 -0.382787   0.375480  -0.844090  2600   3
 -0.412818   0.870859   0.266807  1000   3
 -0.546194   0.815171  -0.192790   400   3
 -0.155005   0.931972   0.327721  2600   3
  0.172091   0.273870  -0.946245  1000   3
  0.977813  -0.076478  -0.195018  2600   3
 -0.528254  -0.793978   0.300909   400   3
  0.267983   0.263123   0.926796  2600   3
  0.959597   0.006715  -0.281297  1000   3
 -0.738779   0.326072   0.589815     0   3
  0.749313   0.643779   0.155173  2600   3
  0.046526  -0.664549  -0.745795   400   3
  0.185990   0.798281   0.572848  1000   3
  0.397625  -0.340434  -0.852056  2600   3
 -0.603989  -0.334336  -0.723476  1000   3
  0.102243  -0.837693   0.536485  2600   3
  0.981222  -0.168214   0.094376   400   3
  0.868878  -0.293801   0.398411  2600   3
  0.497438  -0.700004   0.512397  1000   3
 -0.568245  -0.180908  -0.802727  2600   3
 -0.336283  -0.216886   0.916446   400   3
  0.508133  -0.364998  -0.780113  1000   3
 -0.679907   0.324033   0.657822  2600   3
 -0.955730   0.232859  -0.179880     0   3
 -0.054831  -0.787550  -0.613806  2600   3
  0.149064   0.983692  -0.100649  1000   3
 -0.496557   0.358744  -0.790401   400   3
  0.521722   0.709768  -0.473323  2600   3
 -0.931652  -0.360693   0.043874  1000   3
 -0.704695   0.700851   0.110513  2600   3
  0.752388   0.421823   0.505942   400   3
 -0.891266  -0.446846   0.077288  2600   3
  0.741329  -0.648253  -0.173780  1000   3
 -0.096176   0.626776  -0.773241  2600   3
  0.523414  -0.805016  -0.279261   400   3
  0.107286  -0.652370   0.750269  1000   3
 -0.483578  -0.817917  -0.311712  2600   3
 -0.336623  -0.936711   0.096219     0   3
 -0.310516   0.053618   0.949055  2600   3
 -0.830902  -0.052929  -0.553896  1000   3
  0.707942   0.330661  -0.624085   400   3
 -0.246618   0.946243  -0.209295  2600   3
 -0.430606   0.023328   0.902238  1000   3
  0.772664   0.288080   0.565685  2600   3
  0.074354   0.892261  -0.445355   400   3
 -0.670624   0.606771  -0.426722  2600   3
  0.200054  -0.766680  -0.610065  1000   3
 -0.727854  -0.256388   0.635998  2600   3
 -0.947058  -0.036974   0.318927   400   3
 -0.544680  -0.644489   0.536617  1000   3
  0.255635  -0.775854  -0.576802  2600   3
  0.565650  -0.068473   0.821798  1000   3
 -0.974723   0.193732  -0.111282  2600   3
  0.123274   0.275303   0.953421   400   3
  0.093208  -0.340893   0.935470  2600   3
  0.211470  -0.975655   0.058120  1000   3
  0.042959  -0.207943  -0.977197     0   3
 -0.171100  -0.549212  -0.817980  2600   3
 -0.685126  -0.712353  -0.152167   400   3
 -0.711175  -0.685720  -0.154981  1000   3
  0.215339   0.787299  -0.577745  2600   3
  0.534481   0.845156   0.006469  2600   3
 -0.477805   0.577223   0.662205   400   3
 -0.783975   0.576926  -0.229216  1000   3
 -0.868589   0.291458   0.400755  2600   3
  0.080171  -0.141170  -0.986734  1000   3
  0.666862  -0.382067   0.639782  2600   3
  0.761704  -0.473487   0.442286   400   3
 -0.057331   0.997550   0.040078  2600   3
 -0.824080  -0.310438   0.473837  1000   3
  0.496299  -0.328855   0.803456     0   3
 -0.667045  -0.579630  -0.468061  2600   3
 -0.102384   0.918770   0.381285   400   3
  0.550153   0.652310   0.521366  1000   3
  0.922347   0.220340  -0.317375  2600   3
 -0.489525   0.796156   0.355670  2600   3
  0.944008  -0.321328  -0.074821  1000   3
 -0.117789   0.155505  -0.980787   400   3
  0.061469  -0.306185  -0.949985  2600   3
 -0.173590   0.885150  -0.431713  1000   3
 -0.503507  -0.509814   0.697545  2600   3
 -0.952120  -0.272282  -0.139033   400   3
 -0.239251  -0.527348  -0.815269  1000   3
  0.585467  -0.794483   0.161327  2600   3
 -0.122810   0.840720   0.527359     0   3
 -0.310534   0.055342  -0.948950  2600   3
  0.346623  -0.745549   0.569219   400   3
  0.752187  -0.037428  -0.657886  1000   3
 -0.800596   0.036786  -0.598074  2600   3
  0.180782  -0.197174   0.963556  1000   3
 -0.611145   0.052380   0.789784  2600   3
 -0.680322   0.101218   0.725890   400   3
 -0.069911  -0.955743   0.285775  2600   3
  0.017221  -0.957837  -0.286796  1000   3
  0.898412  -0.422897  -0.118380  2600   3
  0.267418   0.963435   0.016731   400   3
 -0.988567  -0.062218  -0.137346  1000   3
  0.492606   0.471138   0.731689  2600   3
  0.875893   0.399924  -0.269951     0   3
 -0.701922  -0.685328   0.193988  2600   3
  0.488273   0.856674  -0.166430  1000   3
 -0.407815  -0.534163  -0.740511   400   3
  0.199138   0.264950  -0.943475  2600   3
 -0.557764   0.634384   0.535216  1000   3
 -0.987449  -0.155427  -0.028038  2600   3
  0.379928   0.623786  -0.683041   400   3
 -0.173236  -0.923424  -0.342456  2600   3
 -0.712531   0.367301  -0.597821  1000   3
  0.406246  -0.623171   0.668298  2600   3
 -0.830733   0.556308   0.020119   400   3
  0.249568   0.587053  -0.770120  1000   3
 -0.489286   0.582324   0.649228  2600   3
  0.1   0.1  0.1  0   1
  0.1   0.1  0.1  0   2
  0.1   0.1  0.1  0   3
  0.1   0.1  0.1  0   4
