  0.289746  -0.180072   0.940011     0   1
 -0.838161  -0.528563   0.134561  3600   2
  0.349119  -0.623357   0.699673  2500   3
 -0.698986  -0.436138   0.566747  1600   4
  0.302834  -0.716473  -0.628457  3600   1
 -0.992513  -0.096771  -0.074522   900   2
  0.856939   0.424671  -0.292080  2500   3
  0.438767  -0.562422   0.700832   400   4
  0.367162  -0.612623   0.699918  3600   1
 -0.507420  -0.247347  -0.825436  1600   2
  0.566441   0.247110   0.786181  3600   3
  0.170640  -0.587279  -0.791192  2500   4
  0.879466  -0.208391  -0.427917  3600   1
 -0.555944   0.791296   0.254513  2500   2
 -0.046562   0.038383   0.998178   900   3
  0.224525   0.952899  -0.203890  3600   4
  0.242839  -0.934820   0.259114  1600   1
  0.717412   0.348479   0.603226  2500   2
  0.475931   0.422108  -0.771566  3600   3
 -0.683800  -0.452041  -0.572780   400   4
 -0.726479   0.622459  -0.291160  3600   1
  0.348474   0.531591  -0.771996  2500   2
  0.992075  -0.083621   0.093781  1600   3
 -0.479115   0.877420  -0.024143   900   4
 -0.193271   0.342836   0.919299  3600   1
  0.890066  -0.404289   0.210553  2500   2
 -0.475955  -0.693420  -0.540958  3600   3
 -0.062627   0.355486   0.932581  1600   4
  0.114927   0.983547   0.139380  2500   1
 -0.980778   0.150368  -0.124351  3600   2
 -0.177329   0.954681   0.239038   400   3
  0.505709   0.354791  -0.786372     0   4
  0.009292   0.190800  -0.981585  3600   1
 -0.374515   0.002409  -0.927218  2500   2
 -0.547411   0.831604   0.093682  1600   3
  0.337654  -0.937741  -0.081429  3600   4
  0.551350   0.279435  -0.786085   900   1
  0.831543  -0.196279  -0.519625  2500   2
  0.885316   0.441247   0.146689  3600   3
 -0.086325   0.433642  -0.896940  1600   4
 -0.545917  -0.095472   0.832382  3600   1
 -0.961026  -0.275078  -0.027601  2500   2
  0.954568  -0.250867  -0.160827   400   3
 -0.120513  -0.839902   0.529190  3600   4
  0.043804  -0.869024   0.492827  2500   1
  0.005396  -0.943413  -0.331577   900   2
 -0.035029   0.833071   0.552056  3600   3
 -0.243461  -0.880606  -0.406522  1600   4
 -0.569947  -0.262067   0.778769  2500   1
 -0.733273   0.207296  -0.647564  3600   2
  0.361291  -0.851287   0.380498     0   3
 -0.780931   0.514070   0.354793  3600   4
  0.495943   0.618007   0.610006  2500   1
  0.566067   0.817070   0.109383  1600   2
 -0.810340  -0.419197   0.409418  3600   3
 -0.456143  -0.397099  -0.796396   900   4
 -0.526231   0.441946   0.726475  2500   1
  0.750495   0.106227  -0.652283   400   2
  0.052131  -0.998462   0.018880  3600   3
  0.856702  -0.267094  -0.441275  1600   4
 -0.549418   0.050502  -0.834020  3600   1
 -0.659923   0.542116  -0.520204  2500   2
  0.510751  -0.207699  -0.834263  3600   3
 -0.575674  -0.766970   0.283472  2500   4
  0.746790   0.544404   0.382007   900   1
 -0.492662  -0.832268  -0.254192  3600   2
 -0.552453   0.237926  -0.798866  1600   3
  0.218405  -0.944734  -0.244493  2500   4
  0.851149  -0.332509   0.406181  3600   1
  0.361492   0.030314   0.931882   400   2
  0.028570   0.115321   0.992917  3600   3
 -0.329539  -0.068636   0.941644  2500   4
 -0.913759  -0.357616  -0.192757  1600   1
  0.541103  -0.640496   0.544952   900   2
  0.403762   0.815638  -0.414379  3600   3
 -0.990273   0.081757  -0.112585  2500   4
 -0.579417   0.780709   0.234031  3600   1
 -0.485325   0.356017   0.798568  1600   2
 -0.618000  -0.726061  -0.301516  2500   3
  0.133962   0.480751  -0.866564  3600   4
  0.017742  -0.924451   0.380888   400   1
  0.071621   0.922800   0.378565     0   2
  0.985331  -0.038689  -0.166213  3600   3
  0.236007  -0.342849   0.909261  2500   4
  0.450650   0.803265  -0.389462  1600   1
  0.866125   0.291339   0.406139  3600   2
  0.581366  -0.671422  -0.459571   900   3
  0.674289  -0.705913   0.216844  2500   4
  0.195832   0.692757   0.694074  3600   1
  0.391121  -0.646137   0.655387  1600   2
  0.499506  -0.750976   0.431889  3600   3
 -0.431115  -0.333148  -0.838542  2500   4
 -0.584187   0.582305   0.565373   400   1
 -0.218455   0.820233  -0.528672  3600   2
  0.233303   0.944875  -0.229741  2500   3
 -0.006333  -0.568548   0.822625   900   4
  0.699414   0.712116   0.060911  3600   1
  0.162959  -0.955367  -0.246410  1600   2
  0.937660  -0.296239  -0.181758  2500   3
 -0.124706  -0.413445  -0.901949  3600   4
  0.682040   0.717204  -0.142966     0   1
 -0.687538   0.370783   0.624349  3600   2
  0.179337   0.642511   0.744995  2500   3
 -0.827005  -0.107067  -0.551905  1600   4
 -0.236902  -0.964495  -0.116729  3600   1
  0.434438   0.757356  -0.487519   900   2
 -0.030377   0.000186  -0.999538  2500   3
  0.573800   0.686754  -0.446231   400   4
 -0.672664  -0.444730  -0.591387  3600   1
  0.337905   0.507840  -0.792413  1600   2
 -0.775333   0.628178   0.065195  3600   3
  0.814986   0.169707  -0.554074  2500   4
  0.593316   0.587572  -0.550213  3600   1
  0.112883  -0.982282   0.149596  2500   2
 -0.828897   0.076675  -0.554122   900   3
  0.279686  -0.132593   0.950892  3600   4
  0.256492   0.606120   0.752882  1600   1
  0.040088  -0.846318  -0.531168  2500   2
 -0.748328   0.059687   0.660638  3600   3
 -0.260783   0.182647   0.947962   400   4
  0.335393  -0.914984   0.224312  3600   1
 -0.267949   0.270455   0.924693  2500   2
 -0.282846  -0.079469   0.955868  1600   3
  0.885770  -0.116413  -0.449287   900   4
 -0.954430  -0.255806   0.153713  3600   1
  0.457077   0.888386   0.043026  2500   2
 -0.480627   0.348735  -0.804600  3600   3
  0.650337  -0.692106   0.313130  1600   4
 -0.911001  -0.107579  -0.398126  2500   1
 -0.040407   0.960641   0.274838  3600   2
 -0.453141  -0.878149  -0.153353   400   3
 -0.791054  -0.272368  -0.547767     0   4
 -0.052274   0.948706  -0.311807  3600   1
 -0.641283  -0.540633   0.544493  2500   2
 -0.801913  -0.575636   0.159935  1600   3
  0.422601  -0.482588  -0.767149  3600   4
  0.008732  -0.643700  -0.765228   900   1
  0.928431  -0.338282  -0.153559  3600   2
  0.683288   0.029203   0.729564  2500   3
  0.170342   0.981749  -0.084576  1600   4
 -0.383730   0.825455  -0.413974  2500   1
 -0.305534  -0.661722   0.684670  3600   2
 -0.166033  -0.447376   0.878799   400   3
  0.772201   0.100915   0.627313  3600   4
  0.796348  -0.597856  -0.091644  2500   1
 -0.485645   0.291040   0.824284   900   2
 -0.916322   0.030885  -0.399250  3600   3
 -0.003926   0.646925  -0.762543  2500   4
  0.597820  -0.644364  -0.476871  1600   1
  0.182451  -0.429333   0.884525  3600   2
 -0.429676   0.470350   0.770811     0   3
  0.894372   0.110261  -0.433522  3600   4
 -0.772128  -0.635038   0.023345  2500   1
 -0.946961  -0.141991   0.288278  1600   2
  0.566690  -0.645978  -0.511444  3600   3
  0.461544   0.882045   0.094736   900   4
  0.562301  -0.304704   0.768747  2500   1
 -0.658846   0.741609  -0.126246   400   2
  0.045918  -0.676275   0.735217  3600   3
 -0.724743   0.523566   0.447913  2500   4
  0.831889  -0.327128   0.448273  1600   1
  0.396007   0.490293   0.776396  3600   2
  0.036435  -0.947604   0.317363   900   3
 -0.647868  -0.710502   0.274690  3600   4
 -0.093246  -0.339893  -0.935830  2500   1
  0.084012  -0.600886  -0.794908  3600   2
  0.185422  -0.735369  -0.651806  1600   3
  0.839469   0.456533   0.294736  2500   4
 -0.871295   0.151532  -0.466779   400   1
  0.296851   0.239107  -0.924504  3600   2
  0.649878   0.576912   0.494805  1600   3
  0.714588   0.607323   0.347165  3600   4
  0.108064   0.338158  -0.934865  2500   1
  0.582216  -0.807925   0.091003  3600   2
  0.835156   0.485255  -0.258927   900   3
  0.292241   0.860609   0.417069  2500   4
 -0.679690  -0.040380   0.732387  1600   1
 -0.316294  -0.176000  -0.932192  3600   2
 -0.433884   0.899351  -0.053975  2500   3
 -0.321457   0.870139   0.373528  3600   4
  0.927937   0.372459  -0.014379   400   1
  0.942095  -0.327090  -0.073956     0   2
 -0.614833   0.106106   0.781487  2500   3
 -0.979465  -0.149696  -0.135055  3600   4
 -0.182726   0.010842  -0.983104  1600   1
  0.478348   0.875208  -0.072070  3600   2
 -0.835263   0.218984  -0.504363  2500   3
 -0.641441   0.504926  -0.577584  3600   4
 -0.881857   0.467795  -0.059124   900   1
  0.871756  -0.487003  -0.053566  1600   2
  0.390626  -0.736408  -0.552372  2500   3
 -0.270487   0.055705   0.961111  3600   4
  0.423870  -0.191427   0.885263   900   1
  0.715150   0.267683  -0.645682  3600   2
 -0.311035  -0.783013   0.538653  2500   3
 -0.240872  -0.873735  -0.422572  3600   4
  0.966236   0.052892  -0.252173  2500   1
 -0.103059  -0.666692  -0.738174   400   2
  0.043937   0.810430  -0.584185  1600   3
  0.891105  -0.434753   0.130081  3600   4
