  0.113187  -0.507446  -0.854218     0  3
 -0.682792   0.570935  -0.455882  2600  3
 -0.892922  -0.394638  -0.216682 1000  3
 -0.541092  -0.119789  -0.832388   400  3
 -0.630636  -0.286165   0.721393  2600  3
  0.517546  -0.483685  -0.705830 1000  3
  0.246957   0.664973   0.704857  2600  3
  0.724961  -0.568081  -0.389506   400  3
  0.470002  -0.779628  -0.413858  2600  3
 -0.300031   0.843176  -0.446133 1000   3
 -0.862784  -0.504739  -0.029008  2600   3
 -0.181320  -0.949905   0.254567   400   3
  0.349357   0.295388   0.889211 1000   3
  0.186304  -0.370720   0.909867  2600   3
  0.530485   0.688145  -0.495017 1000   3
  0.281078   0.865973  -0.413625  2600   3
 -0.447556  -0.236938   0.862296   400   3
 -0.959028   0.212928   0.186890  2600   3
  0.625096   0.496460  -0.602314     0   3
  0.1   0.1  0.1     0   1
  0.1   0.1  0.1     0   2
  0.1   0.1  0.1     0   3
  0.1   0.1  0.1     0   4
 -0.916284   0.400490  -0.005638 1000   3
 -0.743931  -0.097546  -0.661098  2600   3
  0.940260   0.339267  -0.028443   400   3
 -0.268645   0.232043   0.934872  2600   3
  0.191996   0.944205   0.267609 1000   3
  0.018668  -0.983118  -0.182017  2600   3
  0.215298   0.907348   0.361063   400   3
 -0.312476  -0.396360   0.863283 1000   3
  0.383785  -0.850210   0.360350  2600   3
  0.680060  -0.495275   0.540575 1000   3
  0.622211   0.765798   0.162505  2600   3
 -0.758940   0.610638  -0.226124   400   3
  0.780845  -0.343153  -0.522041  2600   3
  0.255079  -0.965705  -0.048453 1000   3
  0.376007  -0.905342   0.197418     0   3
  0.156116   0.534903  -0.830365  2600   3
  0.503029  -0.419952   0.755382   400   3
 -0.140083  -0.329260  -0.933790  2600   3
 -0.746675  -0.228949   0.624546 1000   3
 -0.982253  -0.004404  -0.187511  2600   3
 -0.042225   0.087586  -0.995262 1000   3
  0.414072  -0.308536  -0.856358   400   3
  0.801130   0.448395  -0.396400  2600   3
 -0.170994  -0.696182  -0.697203 1000   3
  0.404836   0.003654   0.914382  2600   3
  0.629371   0.598811  -0.495295   400   3
  0.664746  -0.740940   0.095504  2600   3
  0.992034   0.044275  -0.117933 1000   3
 -0.887916  -0.098563  -0.449322     0   3
 -0.624483  -0.597867  -0.502570  2600   3
  0.684349   0.529953   0.500815   400   3
 -0.103972   0.844883   0.524750  2600   3
 -0.588971  -0.808154   0.001238 1000   3
  0.600537  -0.107660  -0.792316  2600   3
 -0.548213   0.142789  -0.824059 1000   3
  0.335989  -0.938166  -0.083398   400   3
 -0.051898   0.974613  -0.217800  2600   3
  0.660579  -0.684619  -0.308111 1000   3
  0.855645  -0.211813   0.472237  2600   3
  0.078083   0.629630  -0.772961   400   3
 -0.621574  -0.746230   0.238299  2600   3
 -0.116573   0.382372   0.916625 1000   3
 -0.866981   0.354102   0.350650     0   3
 -0.365023   0.623803  -0.691107  2600   3
  0.102648   0.754350  -0.648397 1000   3
 -0.494017   0.517369   0.698768  2600   3
 -0.976473   0.204626   0.068040   400   3
 -0.323304  -0.197924   0.925365  2600   3
  0.918357  -0.106614   0.381122 1000   3
 -0.167041  -0.518215  -0.838779   400   3
  0.971748   0.185996  -0.145297  2600   3
  0.574729   0.673554   0.464771 1000   3
 -0.765282   0.597005   0.240683  2600   3
  0.054979  -0.068858   0.996110   400   3
 -0.306588  -0.869331  -0.387644  2600   3
 -0.845731   0.222671   0.484929 1000   3
  0.227609  -0.344589   0.910743     0   3
  0.034501  -0.791390   0.610338  2600   3
 -0.166627  -0.961531   0.218390 1000   3
  0.868754   0.325639   0.373130  2600   3
 -0.837023  -0.018993   0.546838   400   3
 -0.015451   0.044025  -0.998911  2600   3
  0.244775  -0.500376   0.830487 1000   3
 -0.375193   0.924546   0.066669  2600   3
  0.892002  -0.049866   0.449273   400   3
 -0.237452   0.825148   0.512589 1000   3
  0.506096   0.367976   0.780039  2600   3
 -0.623193  -0.781821  -0.019649   400   3
 -0.475025  -0.618596   0.625852  2600   3
  0.465676  -0.046465  -0.883734 1000   3
  0.899386  -0.417274   0.130336  2600   3
  0.443326   0.869408   0.218155     0   3
 -0.733272  -0.250220  -0.632219 1000   3
  0.134741  -0.585287  -0.799552  2600   3
 -0.256905   0.761851   0.594629   400   3
 -0.584409   0.294172  -0.756260  2600   3
  0.848056   0.473178  -0.238544 1000   3
 -0.863072  -0.046708   0.502916  2600   3
 -0.314713   0.834253  -0.452744   400   3
 -0.642385   0.751395  -0.150822 1000   3
  0.320357   0.946966  -0.025025  2600   3
  0.1   0.1  0.1  0   1
  0.1   0.1  0.1  0   2
  0.1   0.1  0.1  0   3
  0.1   0.1  0.1  0   4