-0.127255 -0.19238 0.973034 0 4
-0.629251 -0.676833 0.382022 10000 4
0.890868 0.208354 -0.403662 8100 4
-0.890792 -0.273978 0.362528 6400 4
-0.110906 0.068678 0.991455 4900 4
-0.553225 0.592805 0.585255 3600 4
0.883611 -0.188484 0.428609 2500 4
-0.754807 0.626402 -0.194644 10000 4
-0.736428 0.560936 -0.378186 1600 4
0.099117 0.711344 0.69582 8100 4
0.081616 -0.851028 0.518738 900 4
-0.171688 -0.442847 -0.880006 6400 4
0.117779 0.348803 0.929766 10000 4
0.674064 0.735273 -0.070791 4900 4
-0.231621 0.846754 0.478914 400 4
-0.535727 0.571659 -0.621452 8100 4
-0.17856 0.561882 -0.807716 3600 4
0.708702 -0.275145 -0.649644 10000 4
0.399818 -0.835096 0.377836 6400 4
-0.799409 0.180833 -0.572926 100 4
-0.22863 -0.955946 0.184105 8100 4
0.252421 -0.484553 -0.837551 2500 4
0.812538 0.401551 0.422539 10000 4
0.678452 -0.712319 0.179735 4900 4
0.513852 0.855193 0.067824 6400 4
0.472767 -0.152932 -0.867815 1600 4
0.210709 0.144235 -0.966849 8100 4
-0.087021 0.525844 -0.846118 10000 4
0.802043 0.477993 0.358119 3600 4
-0.797472 -0.078971 -0.598165 4900 4
0.339801 0.607834 0.717686 900 4
0.134528 -0.938919 -0.316755 10000 4
0.726817 -0.58847 -0.354177 6400 4
0.72852 -0.620286 -0.290695 8100 4
-0.477077 -0.736856 0.479 2500 4
0.998335 -0.04193 -0.039622 10000 4
-0.706785 -0.332029 0.62467 3600 4
-0.823021 -0.422248 -0.379924 8100 4
-0.074934 -0.330193 0.940934 6400 4
0.239586 -0.833458 -0.497943 4900 4
0.276614 0.503165 -0.818724 400 4
-0.022995 -0.943203 0.331419 10000 4
0.335452 0.878876 0.339188 1600 4
0.458926 0.088325 0.884073 8100 4
-0.769879 0.160596 -0.617653 6400 4
-0.627305 0.14575 -0.765013 10000 4
-0.790119 -0.157696 0.59232 4900 4
-0.554054 0.819892 -0.144226 2500 4
0.132828 -0.983275 -0.124605 3600 4
0.969475 -0.173344 0.17341 8100 4
0.385542 0.919248 0.079622 100 4
0.464073 0.249727 -0.849866 10000 4
-0.235924 0.880779 0.410571 6400 4
-0.794052 0.60421 0.066421 0 4
0.397544 0.666296 -0.630879 8100 4
0.377211 0.872652 0.310146 10000 4
0.004771 0.872496 -0.488597 4900 4
-0.956281 -0.058384 0.286563 900 4
0.899471 -0.296777 0.320741 3600 4
0.810475 0.417439 0.410945 6400 4
-0.470375 0.734718 0.488811 10000 4
-0.406867 0.906227 0.114945 8100 4
0.543247 0.547295 0.636672 2500 4
-0.473418 -0.715645 0.513545 1600 4
0.397383 0.626022 0.670957 4900 4
-0.91687 -0.374242 0.138896 10000 4
-0.640782 0.095518 0.761758 8100 4
0.596857 0.027713 -0.801869 6400 4
-0.977498 -0.145388 -0.152839 400 4
0.349791 -0.776836 0.523615 10000 4
-0.369422 -0.356168 -0.858296 3600 4
-0.540404 -0.796685 -0.270661 8100 4
-0.93636 0.285156 0.204733 4900 4
0.358223 0.794974 -0.489584 6400 4
-0.522164 -0.515189 -0.679651 10000 4
-0.764975 -0.0055 0.644036 2500 4
-0.546898 0.792596 0.26962 900 4
0.015316 -0.600939 0.799148 8100 4
0.727174 0.217882 0.650957 1600 4
0.018631 -0.110358 0.993717 10000 4
-0.947604 0.29117 -0.131403 6400 4
0.491636 0.865567 -0.095327 3600 4
-0.375999 0.262786 -0.888577 4900 4
0.414101 -0.537206 -0.734799 8100 4
-0.900307 0.354224 0.252929 10000 4
-0.737339 -0.111082 0.666327 100 4
0.391363 -0.030305 0.919737 6400 4
-0.73297 -0.465959 -0.495618 0 4
0.112902 -0.562473 0.819071 2500 4
-0.297973 0.46156 0.835568 10000 4
0.784811 -0.096089 0.61224 8100 4
-0.236006 -0.965087 -0.113612 4900 4
0.220896 -0.04162 -0.974409 3600 4
-0.87321 0.261049 -0.411531 10000 4
0.031111 -0.995895 0.085004 6400 4
-0.268065 0.894836 -0.356944 8100 4
-0.981147 -0.041419 0.188773 1600 4
0.028326 -0.325994 -0.944947 400 4
-0.296557 -0.691696 0.658491 10000 4
0.220029 0.425556 -0.877775 4900 4
-0.683567 -0.68586 0.249663 8100 4
0.357734 -0.437969 -0.824748 6400 4
0.541367 -0.794645 0.2747 3600 4
0.684908 0.722974 0.090609 10000 4
-0.064536 -0.978996 -0.193397 2500 4
-0.13177 -0.224126 0.965611 900 4
0.005578 0.282684 0.959197 8100 4
0.510603 -0.477545 -0.715007 4900 4
-0.491859 0.867765 0.071126 10000 4
-0.373244 -0.75807 -0.534807 6400 4
-0.291817 0.410164 0.864065 100 4
0.014664 0.948491 0.316464 8100 4
-0.778912 -0.222752 0.58624 10000 4
0.971142 0.001952 -0.238495 3600 4
-0.38692 0.850939 0.355241 1600 4
0.366481 -0.520882 0.770956 6400 4
-0.948651 -0.311074 -0.057392 4900 4
-0.905677 -0.416256 0.080495 2500 4
-0.072104 -0.724735 -0.685245 10000 4
-0.717339 0.673343 -0.17898 8100 4
0.227638 0.8026 -0.551375 0 4
-0.923688 -0.382181 -0.027186 6400 4
0.627737 -0.528471 0.571546 10000 4
-0.92169 0.094722 0.376185 8100 4
-0.322322 -0.817185 -0.477826 3600 4
0.69062 -0.506252 0.516481 4900 4
0.734691 -0.314959 0.600858 900 4
-0.356637 -0.930335 0.085361 10000 4
-0.377081 0.676127 -0.632979 400 4
-0.680433 0.628138 -0.377431 6400 4
0.517345 0.559132 0.647862 8100 4
0.140512 0.223919 -0.964426 2500 4
0.531075 0.269699 0.803257 10000 4
-0.256266 0.33947 -0.905035 1600 4
-0.125841 0.991909 0.016747 4900 4
-0.935505 -0.330336 0.125334 8100 4
0.02784 -0.846296 0.531986 3600 4
-0.855533 0.325379 0.40273 6400 4
0.357556 -0.219185 -0.907806 10000 4
-0.092364 0.187408 -0.97793 8100 4
-0.405762 -0.343902 -0.846811 4900 4
-0.117558 0.986493 -0.114066 10000 4
-0.490057 -0.591683 0.640122 6400 4
0.700427 -0.677066 -0.225797 2500 4
0.520873 0.012275 0.853546 3600 4
-0.568237 -0.777977 -0.268063 900 4
0.916325 -0.020748 0.399898 10000 4
0.613551 0.185539 -0.767549 8100 4
-0.014795 -0.89634 0.44312 1600 4
0.136935 0.00754 -0.990551 6400 4
-0.597457 -0.705803 0.380641 4900 4
-0.259569 0.043867 -0.964728 10000 4
-0.355555 0.750033 0.557702 8100 4
0.14299 -0.948822 0.281585 100 4
-0.283858 -0.947945 -0.144306 400 4
0.896733 0.062136 -0.438189 10000 4
-0.848101 0.344869 0.402231 3600 4
0.486088 -0.86288 -0.138411 6400 4
-0.458499 0.385205 -0.800872 8100 4
-0.42006 -0.223844 -0.879456 2500 4
-0.641077 0.745679 0.181613 4900 4
0.860467 -0.509141 -0.019286 10000 4
0.616227 -0.301617 -0.727524 0 4
-0.930902 0.365211 0.006536 8100 4
-0.655609 -0.329487 -0.679423 6400 4
0.322223 -0.465219 0.824466 10000 4
0.208361 -0.668449 -0.713976 3600 4
0.617516 0.002631 -0.786554 4900 4
-0.040186 0.377071 0.925312 1600 4
0.002182 -0.913031 0.407884 8100 4
0.901932 0.404822 0.150457 10000 4
-0.063148 -0.831488 0.551941 6400 4
0.481153 0.856629 0.186224 2500 4
0.68021 0.22913 -0.696286 900 4
-0.267281 -0.368462 0.890391 10000 4
0.636354 0.771263 0.014365 8100 4
0.95684 0.06789 0.282575 4900 4
0.994869 -0.00531 0.101028 6400 4
0.48385 0.601398 -0.635775 3600 4
-0.66152 0.614004 0.43057 10000 4
-0.938052 -0.195338 -0.286186 8100 4
0.998273 -0.054082 -0.022959 100 4
0.941464 -0.24699 -0.229436 400 4
-0.714625 -0.698056 0.045034 1600 4
0.411404 0.783902 -0.465021 10000 4
0.078942 0.871717 0.483609 6400 4
0.132705 -0.500726 0.855373 4900 4
0.253869 -0.155257 -0.954697 8100 4
-0.991639 0.127924 -0.016958 2500 4
-0.949208 -0.309605 -0.056108 3600 4
0.46444 0.724808 0.50887 10000 4
-0.70564 -0.705047 0.07057 6400 4
0.135421 -0.985017 -0.106779 8100 4
-0.630877 -0.632501 -0.449374 4900 4
-0.444264 0.835365 -0.323719 10000 4
0.267726 -0.668563 -0.693791 900 4
0.283235 0.920316 0.269808 0 4
-0.499874 -0.338198 -0.797338 8100 4
-0.581106 0.271466 0.767217 6400 4
-0.169043 0.695382 0.698476 10000 4
0.060144 0.849927 -0.523457 2500 4
0.531032 -0.400528 0.746714 3600 4
-0.181059 0.393708 0.901228 4900 4
0.730073 0.466463 -0.499406 10000 4
-0.77053 0.434751 0.466128 8100 4
-0.778472 0.433767 0.453683 1600 4
0.575909 0.323472 -0.750796 6400 4
-0.121796 -0.936927 -0.327617 10000 4
0.722476 -0.539076 0.432926 8100 4
-0.783774 0.612991 -0.099705 3600 4
0.433667 0.607437 -0.665547 4900 4
-0.104374 0.813067 0.572737 2500 4
-0.097124 0.552769 0.827655 6400 4
-0.586832 0.123521 0.800232 10000 4
-0.628324 -0.162902 -0.760705 400 4
-0.64735 -0.571339 0.504489 8100 4
0.327049 0.929549 -0.170225 900 4
-0.827296 -0.169036 -0.535731 10000 4
0.240073 -0.921986 0.30382 4900 4
0.819367 -0.555737 0.140694 6400 4
0.362219 0.130761 0.922875 100 4
-0.29715 -0.909621 -0.290331 8100 4
-0.061501 -0.288839 0.9554 3600 4
0.034403 0.719053 -0.694104 10000 4
-0.929201 0.087144 -0.359153 1600 4
-0.483042 0.461951 -0.743822 2500 4
-0.198489 0.751834 -0.628767 6400 4
-0.38251 -0.306294 0.871705 8100 4
0.171296 -0.076449 -0.982249 10000 4
0.071794 0.792628 0.605464 4900 4
0.122484 0.976908 -0.175069 3600 4
0.505477 -0.848739 0.155353 8100 4
-0.963239 0.188079 -0.191826 10000 4
-0.252583 -0.967561 0.005184 6400 4
0.885975 -0.193861 0.421267 0 4
0.770499 -0.488555 -0.409445 4900 4
0.706946 -0.705853 -0.044709 10000 4
-0.108733 0.784998 -0.609881 8100 4
-0.511317 -0.33042 0.793333 1600 4
-0.968186 0.047221 -0.245735 900 4
-0.92087 0.019459 0.389384 6400 4
0.757866 0.437935 -0.483581 2500 4
0.675621 0.724091 -0.138667 10000 4
0.553566 0.022887 -0.832491 3600 4
0.832941 0.166681 0.527662 8100 4
-0.923702 -0.228419 0.30757 4900 4
0.689222 0.681409 -0.246282 400 4
0.418488 -0.216706 0.88199 10000 4
-0.531405 0.253727 -0.808227 6400 4
0.16875 -0.652072 -0.739139 8100 4
0.358651 0.712633 -0.602929 100 4
0.251608 -0.962523 -0.101209 10000 4
0.1639 0.64728 0.744423 3600 4
0.560596 0.055859 0.826203 4900 4
0.414904 0.530142 0.739462 6400 4
0.638335 -0.367743 -0.676235 2500 4
0.35202 -0.166812 0.921008 8100 4
0.157213 0.551967 0.818912 10000 4
-0.389877 0.897049 -0.208083 1600 4
0.431938 0.002857 0.901899 900 4
0.984668 -0.139364 -0.104909 8100 4
0.86456 -0.186556 -0.466618 10000 4
0.410081 -0.648345 -0.641469 6400 4
-0.849928 0.461911 -0.253496 4900 4
0.90374 0.120089 0.410892 3600 4
-0.77411 -0.577387 -0.259574 10000 4
0.473465 0.860909 -0.186191 8100 4
-0.772551 -0.228145 -0.59255 2500 4
0.829435 0.137002 0.541542 6400 4
-0.07978 -0.505845 -0.858927 0 4
-0.102287 0.840109 -0.532685 10000 4
-0.23307 0.734235 -0.637634 4900 4
-0.299466 -0.570681 -0.76462 8100 4
-0.729211 0.683771 -0.026616 400 4
0.010226 -0.78432 -0.620272 1600 4
-0.486379 0.871425 0.063665 3600 4
-0.966905 -0.135983 0.21588 10000 4
-0.328582 0.936995 -0.118635 6400 4
-0.625315 0.376306 0.683648 8100 4
0.533116 0.823433 0.194282 4900 4
0.733481 -0.313481 0.603104 10000 4
-0.153645 0.972653 -0.174184 2500 4
-0.629347 -0.682856 0.370985 6400 4
0.912336 0.390994 0.121521 8100 4
-0.581332 0.740066 -0.338165 900 4
0.392774 -0.616608 -0.682292 10000 4
-0.6745 -0.652606 0.345189 3600 4
-0.339193 -0.132607 0.931323 4900 4
-0.277403 0.897476 0.342906 100 4
-0.159936 -0.174417 -0.971596 6400 4
0.414478 0.499404 -0.760792 10000 4
0.517283 -0.788157 -0.333507 8100 4
-0.351728 -0.110524 -0.929555 1600 4
-0.006029 -0.177196 -0.984157 2500 4
0.1232 0.986793 -0.105175 10000 4
0.255839 0.537493 -0.803522 8100 4
-0.597132 -0.740515 -0.308336 6400 4
0.996119 0.023771 -0.084744 4900 4
-0.366369 0.359498 0.858216 3600 4
0.314971 0.195941 0.928655 10000 4
-0.470395 0.006525 0.882432 400 4
0.854325 -0.293945 0.428632 8100 4
0.314681 0.443614 -0.839156 6400 4
-0.682006 -0.100042 -0.724472 10000 4
0.360427 -0.904644 -0.2274 4900 4
0.252152 -0.955963 0.150181 0 4
-0.741023 -0.334974 0.58196 8100 4
0.589808 0.767215 0.252008 3600 4
0.772348 -0.375846 -0.512073 900 4
-0.635487 -0.116335 0.763297 10000 4
0.865289 -0.494239 0.083686 2500 4
-0.712377 0.695153 0.096337 6400 4
0.933295 0.325454 0.151793 1600 4
0.404599 0.752243 0.520028 8100 4
-0.500628 -0.862009 -0.079445 10000 4
-0.117741 -0.284515 -0.951414 4900 4
0.839712 -0.370123 0.397357 6400 4
-0.765541 0.144318 -0.626993 3600 4
-0.026694 0.986946 -0.158825 8100 4
-0.437006 0.610647 -0.660406 10000 4
0.78085 0.445392 0.438063 100 4
-0.312566 -0.83202 0.458306 4900 4
-0.534483 -0.289709 0.793975 2500 4
-0.017681 0.856582 0.515707 10000 4
-0.221538 -0.07795 -0.972031 8100 4
0.060529 -0.568286 0.820602 6400 4
0.692369 -0.717434 -0.076901 1600 4
0.595561 -0.761185 -0.256718 10000 4
0.144965 0.083132 0.985938 3600 4
0.357312 -0.756508 0.547745 8100 4
0.270149 -0.958006 0.096149 400 4
0.974126 -0.168126 -0.151035 6400 4
0.84768 0.350801 0.397967 4900 4
-0.038308 -0.342453 0.938754 10000 4
-0.712992 -0.616938 0.333212 900 4
-0.219788 0.420016 0.8805 8100 4
-0.762614 -0.577478 -0.291443 2500 4
-0.976284 -0.215326 -0.022469 10000 4
-0.049494 -0.974408 -0.219271 6400 4
-0.726301 0.261551 0.635671 4900 4
0.711232 -0.653852 -0.258121 3600 4
0.81396 -0.578381 -0.054265 8100 4
0.889849 -0.412554 0.194852 10000 4
0.984474 0.037987 -0.171372 0 4
0.834241 0.506754 -0.217354 6400 4
0.115094 0.590498 -0.79879 1600 4
-0.761059 -0.618805 -0.194604 8100 4
-0.657503 -0.575516 -0.486282 10000 4
-0.65973 0.232902 -0.714502 4900 4
0.263378 -0.162545 0.9509 2500 4
-0.024965 0.883096 0.468527 3600 4
-0.371319 0.142068 0.917572 6400 4
-0.596758 0.503924 0.624452 10000 4
-0.590261 0.141017 -0.7948 8100 4
-0.026741 -0.294912 -0.95515 900 4
-0.714016 0.677405 -0.176927 100 4
-0.265987 -0.912023 0.312195 10000 4
0.727334 0.457117 -0.511888 4900 4
0.252828 0.867128 -0.429147 8100 4
0.176689 0.939018 -0.295003 6400 4
0.228446 -0.213021 0.949966 400 4
0.79717 0.539776 -0.270484 10000 4
0.884856 0.352999 -0.304011 3600 4
0.814972 0.424174 -0.394838 1600 4
0.797952 -0.20076 -0.568303 8100 4
-0.878863 0.328025 0.346409 2500 4
-0.489278 0.754464 -0.437483 4900 4
0.356412 -0.926787 0.118476 10000 4
-0.779572 -0.155028 0.606823 6400 4
0.196007 -0.407804 0.891783 8100 4
-0.122921 0.309934 0.942779 10000 4
0.158546 0.628342 -0.76161 3600 4
-0.242776 0.330105 -0.91219 6400 4
-0.228232 0.642345 0.731644 4900 4
0.197189 -0.979602 0.03868 900 4
-0.10056 0.833071 0.543949 8100 4
-0.60426 0.687774 -0.402289 10000 4
0.343745 -0.788551 0.509929 2500 4
-0.412519 0.61476 -0.672234 0 4
-0.939657 -0.218242 -0.263467 6400 4
0.322426 0.654493 0.683872 10000 4
-0.993827 -0.08805 -0.067497 8100 4
0.054647 -0.994039 -0.094343 1600 4
-0.327473 -0.842282 -0.428162 4900 4
-0.699102 -0.256943 -0.667261 3600 4
0.225994 0.150296 -0.962464 10000 4
0.430861 0.26029 0.864064 6400 4
0.823202 0.460741 -0.331748 8100 4
0.734301 0.592034 0.332112 400 4
-0.958756 0.116231 0.259377 10000 4
-0.025613 0.222529 -0.974589 4900 4
0.151468 0.545928 0.824027 2500 4
0.698009 0.376371 0.609203 8100 4
-0.505376 0.762812 0.403375 6400 4
0.373274 -0.728587 0.574307 3600 4
-0.922791 -0.227616 -0.310881 10000 4
0.177354 0.212912 -0.96084 100 4
0.656231 -0.246182 0.71327 1600 4
-0.443115 -0.023543 0.896156 8100 4
-0.969519 0.214058 -0.119215 4900 4
-0.000742 0.993665 0.11238 10000 4
0.652779 -0.433422 0.621309 6400 4
-0.742683 -0.29601 -0.600666 900 4
-0.831399 -0.016018 0.555445 3600 4
0.1365 0.98806 0.071449 8100 4
-0.537981 -0.602612 0.589436 10000 4
-0.275118 -0.945901 0.171994 2500 4
-0.149915 -0.688487 -0.709586 6400 4
0.102432 0.97469 -0.198711 4900 4
0.785833 -0.413277 -0.460075 10000 4
0.264512 0.336099 0.90392 8100 4
-0.734046 -0.669221 0.115413 0 4
-0.827387 -0.232403 0.511292 400 4
-0.487018 -0.028401 -0.87293 10000 4
0.77736 -0.147645 -0.611484 6400 4
0.934779 -0.348933 -0.066591 3600 4
-0.631259 0.771984 0.074518 8100 4
0.798781 0.576117 0.173317 4900 4
0.369064 0.549519 0.749547 1600 4
0.254099 -0.819783 -0.513215 10000 4
0.339353 -0.917618 -0.20692 2500 4
-0.147394 -0.753228 0.641033 8100 4
0.793718 0.582434 0.175448 6400 4
0.330225 0.630079 -0.702817 900 4
-0.194877 0.289714 -0.937064 10000 4
-0.531716 0.694524 0.48468 4900 4
-0.23826 -0.95722 -0.164198 3600 4
-0.863993 0.451725 -0.222396 8100 4
-0.354925 -0.42395 -0.833244 10000 4
0.591804 -0.791821 0.150954 6400 4
-0.241461 -0.705474 -0.666335 100 4
0.950345 0.193736 0.24354 2500 4
0.263138 -0.90217 -0.341829 8100 4
-0.156572 -0.840398 0.518861 10000 4
0.453973 -0.521911 0.722162 4900 4
0.798699 -0.003064 -0.601723 1600 4
-0.360714 -0.171238 0.916822 6400 4
-0.326692 -0.84059 0.432064 3600 4
0.87391 0.310233 -0.374215 10000 4
-0.798064 -0.062265 0.599347 8100 4
0.811129 -0.317647 0.49109 400 4
0.324424 0.89994 0.291301 6400 4
-0.544755 -0.331803 0.770162 4900 4
0.797479 -0.079163 0.59813 10000 4
0.685662 -0.348643 0.638996 8100 4
0.879446 -0.475998 -0.000418 900 4
-0.409115 0.097845 0.907222 2500 4
-0.421136 -0.01602 0.906856 10000 4
0.017827 -0.39208 -0.919758 3600 4
-0.923962 0.084272 -0.373085 6400 4
-0.087713 -0.377622 0.921796 8100 4
0.840057 -0.538758 -0.063595 4900 4
0.589792 -0.794286 0.145792 10000 4
-0.118175 -0.105491 0.987373 1600 4
-0.329243 0.812286 0.481446 0 4
0.819982 0.568792 -0.064067 8100 4
0.19165 0.661303 -0.725223 6400 4
-0.587873 -0.74873 -0.306282 10000 4
-0.699368 0.534298 -0.474773 3600 4
-0.109916 -0.568256 -0.815478 4900 4
0.672236 0.727892 -0.135175 2500 4
0.454754 -0.273248 -0.847664 8100 4
0.958488 -0.283121 -0.033816 10000 4
0.64559 -0.478061 -0.595543 6400 4
0.759789 -0.485254 -0.432724 100 4
0.068714 0.921009 0.383433 900 4
0.073129 -0.532052 -0.843548 10000 4
-0.669475 -0.123105 -0.732563 8100 4
0.654538 0.371983 0.658186 4900 4
-0.785819 -0.618386 0.00938 3600 4
0.127857 -0.924505 0.359086 6400 4
0.341222 0.931855 -0.123339 1600 4
-0.207071 0.678769 -0.704553 10000 4
-0.399475 -0.915175 -0.053608 8100 4
-0.704502 0.557292 -0.439434 2500 4
0.61087 -0.490658 -0.621364 400 4
0.249487 0.960397 0.124069 10000 4
0.724499 0.451962 -0.520414 6400 4
0.897387 -0.091345 -0.431686 4900 4
-0.549627 0.742218 -0.383436 8100 4
0.374197 -0.837042 -0.39917 3600 4
-0.771808 0.032791 0.63501 10000 4
-0.636382 -0.045248 -0.770046 6400 4
-0.896094 0.354625 0.266938 8100 4
-0.111955 -0.682007 0.722726 4900 4
-0.377374 0.8764 0.299186 10000 4
0.936278 -0.351155 -0.008584 1600 4
0.946971 0.094598 -0.307077 2500 4
0.469914 0.004917 0.882698 0 4
0.530763 0.45098 -0.717571 8100 4
0.691307 0.34934 0.6325 10000 4
-0.392189 -0.328546 0.859212 3600 4
0.144417 -0.75451 -0.640202 6400 4
-0.285386 0.501666 -0.816631 900 4
0.000521 0.9486 0.316478 4900 4
-0.777963 0.487903 -0.395884 10000 4
-0.171057 -0.846649 -0.50391 8100 4
-0.820647 -0.537158 0.194935 100 4
0.980226 0.150223 -0.128801 6400 4
-0.827984 -0.560537 0.015511 10000 4
-0.282364 -0.808517 -0.516305 2500 4
-0.225954 0.944761 -0.237426 3600 4
-0.923154 0.043763 -0.381931 8100 4
0.865214 -0.203662 0.458178 4900 4
0.290781 0.67167 0.6814 400 4
0.616144 0.37138 -0.694582 10000 4
0.109166 -0.28889 -0.951118 6400 4
0.364453 -0.684348 0.631539 1600 4
0.582545 -0.613322 -0.533364 8100 4
-0.071887 -0.124852 -0.989568 10000 4
-0.842171 -0.504125 0.191328 4900 4
-0.885674 0.445686 0.130173 6400 4
0.54385 0.575661 0.610607 3600 4
-0.284962 0.601775 -0.746099 8100 4
-0.236414 -0.824108 -0.514737 10000 4
0.894624 0.435792 0.09866 900 4
0.647099 -0.110157 0.754406 2500 4
-0.458829 -0.861594 0.217099 6400 4
0.650128 0.622287 0.435997 8100 4
0.217367 -0.917085 0.334225 10000 4
0.263086 0.01373 0.964675 4900 4
-0.682315 -0.605224 -0.41006 1600 4
-0.993464 0.034907 -0.108674 3600 4
-0.787331 0.569233 0.23682 10000 4
-0.031457 0.032999 0.99896 8100 4
-0.22042 0.964164 0.147661 6400 4
-0.667613 -0.328865 0.667938 0 4
0.320914 -0.563166 0.761484 100 4
0.423123 -0.208151 -0.881839 4900 4
0.500223 0.833572 -0.234384 10000 4
-0.475167 0.693403 0.541672 2500 4
0.277195 -0.954211 0.11245 8100 4
0.116155 -0.104084 0.987762 6400 4
0.508132 -0.358919 -0.78293 10000 4
-0.283205 0.234914 -0.929844 3600 4
-0.17337 -0.878367 0.445437 400 4
-0.489152 -0.765278 0.418426 8100 4
-0.449716 0.889875 -0.076668 4900 4
0.539396 -0.382029 0.750404 10000 4
-0.464763 0.192387 0.864282 900 4
-0.479736 0.664735 -0.572696 6400 4
0.4234 -0.566638 -0.706862 1600 4
0.042991 0.514111 0.856646 8100 4
-0.155776 -0.559199 0.814266 10000 4
0.274488 0.577065 -0.769189 2500 4
0.665374 -0.277775 -0.692906 3600 4
0.41353 0.898389 -0.147954 4900 4
-0.615546 -0.579533 -0.534083 6400 4
-0.976104 -0.094388 0.195735 8100 4
0.982612 0.04442 0.18028 10000 4
