  0.559397   0.692062  -0.456207     0   1
 -0.581015   0.809357   0.085805   400   1
  0.893408  -0.304198  -0.330583   700   1
 -0.084950   0.076895  -0.993414  1000   1
 -0.390130  -0.268555  -0.880725   400   1
 -0.321705   0.261806  -0.909925   700   1
  0.992219  -0.121423  -0.027539  1000   1
 -0.540460   0.472966   0.695849     0   1
 -0.962433  -0.190384   0.193590   400   1
 -0.011626  -0.852490  -0.522614   700   1
  0.307063  -0.883999  -0.352501  1000   1
  0.006044  -0.864253   0.503021   400   1
 -0.778789  -0.511992   0.362426   700   1
 -0.736579  -0.636620   0.228398  1000   1
  0.276392  -0.370468   0.886770     0   1
  0.484773   0.845189   0.225057   400   1
  0.782817   0.365567   0.503546   700   1
  0.514678   0.591990   0.620205  1000   1
 -0.396195  -0.755410  -0.521906     0   1
  0.405170   0.300535  -0.863433   400   1
  0.114868   0.931171  -0.346014   700   1
  0.029153   0.888029  -0.458862  1000   1
  0.801344  -0.295162   0.520314   400   1
 -0.342204   0.157390   0.926350   700   1
 -0.622484   0.174477   0.762936  1000   1
 -0.956141   0.235059  -0.174760     0   1
 -0.387191   0.517919   0.762786   400   1
  0.669792  -0.682768   0.291902   700   1
  0.673408  -0.470509   0.570212  1000   1
