-0.411523  0.019866  0.911183    0 1
 0.305637 -0.385352  0.870684 2600 2
-0.398279 -0.787022  0.471138 1000 3
-0.890625  0.228103  0.393391  400 4
-0.771115  0.504562  0.388328 2600 1
-0.747477  0.195377 -0.634907 1000 2
 0.479183  0.861333  0.168790 2600 3
-0.120517  0.670790 -0.731790  400 4
 0.512907  0.276653 -0.812643 2600 1
 0.328681 -0.717858 -0.613717 1000 2
-0.920810  0.112961 -0.373295 2600 3
-0.303990 -0.782310 -0.543673  400 4
-0.887828  0.090267  0.451235 1000 1
 0.395743 -0.886941  0.238164 2600 2
 0.822242  0.465336  0.327691 1000 3
 0.146595 -0.530962 -0.834619 2600 4
 0.927579  0.114130  0.355770  400 1
 0.430904  0.393845  0.811916 2600 2
-0.427876  0.808767 -0.403506 1000 3
 0.874402 -0.273355  0.400872    0 4
 0.808501  0.505023 -0.302121 2600 1
 0.003673  0.089438  0.995986  400 2
-0.224203  0.051881 -0.973160 1000 3
-0.326408 -0.720957  0.611292 2600 4
 0.960714 -0.100185 -0.258826 2600 1
-0.510198 -0.732060  0.451427  400 2
 0.519994  0.138916 -0.842798 1000 3
-0.123746  0.981861  0.143655 2600 4
 0.169361  0.944073  0.282920 1000 1
-0.703997 -0.451290 -0.548384 2600 2
 0.471695 -0.879935 -0.056730  400 3
 0.033448 -0.017897  0.999280 2600 4
-0.892427  0.444123  0.079558 1000 1
-0.275359  0.960785 -0.032696    0 2
-0.665680  0.650358 -0.365930 2600 3
-0.685898  0.548113 -0.478661  400 4
-0.447836 -0.542356 -0.710839 1000 1
 0.625898 -0.326461 -0.708290 2600 2
-0.150579  0.757980 -0.634660 2600 3
-0.768051 -0.616611  0.172884 1000 4
 0.408089  0.265129 -0.873596  400 1
-0.968037 -0.250769 -0.004444 2600 2
-0.158177 -0.480358  0.862691 1000 3
 0.003670 -0.851545 -0.524269 2600 4
 0.207169  0.977722  0.033786  400 1
-0.544361 -0.813474  0.204771 2600 2
 0.031213  0.476303  0.878727 1000 3
-0.627927 -0.678401 -0.381418    0 4
 0.681587 -0.140636  0.718095 2600 1
 0.563242 -0.539847 -0.625558  400 2
 0.365745 -0.524461  0.768876 1000 3
-0.456719  0.680138  0.573428 2600 4
-0.356386  0.930893  0.080168 1000 1
-0.909053  0.409514 -0.076940 2600 2
 0.700749  0.700982  0.132566  400 3
 0.147568  0.445344 -0.883115 2600 4
 0.998820  0.045990  0.015600 1000 1
 0.204796  0.975639 -0.078659 2600 2
-0.276016 -0.284594 -0.918053  400 3
 0.021557  0.966040 -0.257493 1000 4
-0.331467  0.126913  0.934892 2600 1
 0.484736  0.528331 -0.697063    0 2
-0.386408 -0.715841 -0.581602 2600 3
 0.516257 -0.505279 -0.691500 1000 4
 0.914486  0.251387 -0.317049  400 1
-0.544490  0.810060  0.217564 2600 2
 0.742673 -0.669041  0.028656 1000 3
 0.805931  0.084860 -0.585896 2600 4
 0.569132  0.286943  0.770553  400 1
 0.774502  0.626792  0.085310 2600 2
-0.771143 -0.449220  0.451154 1000 3
 0.658956 -0.376749  0.651028 2600 4
-0.922700  0.373706  0.094699  400 1
 0.419150  0.130708  0.898459 1000 2
 0.037211 -0.885525  0.463099 2600 3
-0.096339 -0.167798 -0.981103    0 4
-0.141355 -0.192860 -0.970991 2600 1
-0.643565 -0.763179 -0.058155 1000 2
-0.406804  0.775740 -0.482430  400 3
-0.779993 -0.224815 -0.584011 2600 4
-0.883429  0.260933 -0.389189 1000 1
 0.981295  0.030687  0.190050 2600 2
 0.343852 -0.752966 -0.561078  400 3
-0.707812 -0.491567  0.507311 2600 4
 0.150124 -0.274709 -0.949736 1000 1
 0.516253 -0.020294  0.856196 2600 2
-0.778899 -0.035234 -0.626159  400 3
-0.176598 -0.831348 -0.526948 1000 4
 0.794398 -0.606909  0.024357 2600 1
 0.731437 -0.264449 -0.628543 1000 2
-0.056032  0.709895  0.702075 2600 3
 0.435050 -0.304113  0.847494  400 4
 0.034634 -0.995885  0.083752 2600 1
 0.139977 -0.877486  0.458721 1000 2
 0.726548 -0.684765 -0.056789    0 3
-0.376419  0.695757 -0.611744 2600 4
 0.204557  0.757523 -0.619932  400 1
 0.926968  0.224911  0.300243 1000 2
-0.643236 -0.089295  0.760443 2600 3
-0.280533 -0.933361 -0.223916 2600 4
-0.699900 -0.685744  0.199740  400 1
 0.419986  0.402231 -0.813524 1000 2
-0.765534 -0.552239 -0.330136 2600 3
-0.153809 -0.988023 -0.012367 1000 4
-0.375094 -0.488688  0.787711 2600 1
-0.597206  0.008411  0.802044  400 2
 0.401911 -0.825352 -0.396562 2600 3
-0.334319  0.055457  0.940827 1000 4
-0.665674 -0.721953  0.188841    0 1
-0.871556  0.119557  0.475495 2600 2
 0.095518  0.938629  0.331440  400 3
 0.575980 -0.799299 -0.171374 1000 4
 0.442053 -0.499376 -0.745126 2600 1
-0.072216 -0.243433  0.967225 2600 2
 0.012403  0.715716 -0.698281 1000 3
-0.003168 -0.975256  0.221056  400 4
-0.759753  0.458832 -0.460705 2600 1
-0.579311 -0.310351 -0.753711 1000 2
 0.304042  0.579229  0.756341 2600 3
-0.220013  0.584357  0.781103  400 4
 0.667829 -0.675638  0.312277 1000 1
 0.521250  0.632893 -0.572490 2600 2
 0.013975 -0.466096  0.884624    0 3
 0.468766 -0.883174  0.016174 2600 4
-0.620022 -0.645451 -0.446056  400 1
 0.900322  0.378163 -0.215438 1000 2
 0.961296 -0.259572 -0.092372 2600 3
-0.025375  0.270815 -0.962297 1000 4
-0.211998 -0.863504  0.457621 2600 1
 0.877910 -0.228934  0.420552  400 2
 0.003371 -0.371390 -0.928471 2600 3
 0.427269  0.857963  0.285203 1000 4
 0.903632  0.113492  0.413000 2600 1
 0.678573  0.286265 -0.676455  400 2
-0.868630  0.347879  0.352791 1000 3
-0.918636 -0.316502  0.236506 2600 4
 0.303379 -0.789007 -0.534257    0 1
-0.460702  0.496772 -0.735508 2600 2
 0.675948  0.058486  0.734624 1000 3
 0.748531 -0.660253 -0.061378  400 4
 0.228460  0.861591  0.453285 2600 1
-0.345250  0.868321  0.356120 1000 2
 0.204702  0.060920 -0.976927 2600 3
 0.101267  0.215133 -0.971320  400 4
-0.883042 -0.442021 -0.157652 2600 1
-0.744453 -0.033015  0.666858 1000 2
-0.732358  0.647623  0.210324 2600 3
-0.880472 -0.467278  0.080126  400 4
-0.576509  0.370842 -0.728089 1000 1
-0.277205 -0.026858 -0.960435 2600 2
-0.671995 -0.247555 -0.697954    0 3
 0.021116 -0.618533  0.785475 2600 4
-0.241867  0.530718  0.812305 1000 1
-0.983647  0.030358  0.177529  400 2
 0.328624  0.908280 -0.258908 2600 3
 0.963649 -0.249330  0.095995 1000 4
-0.659928 -0.098115 -0.744895 2600 1
