-0.883042 -0.442021 -0.157652 2600 1
-0.744453 -0.033015  0.666858 1000 2
-0.732358  0.647623  0.210324 2600 3
-0.880472 -0.467278  0.080126  400 4
-0.576509  0.370842 -0.728089 1000 1
-0.277205 -0.026858 -0.960435 2600 2
-0.671995 -0.247555 -0.697954    0 3
 0.021116 -0.618533  0.785475 2600 4
-0.241867  0.530718  0.812305 1000 1
-0.983647  0.030358  0.177529  400 2
 0.328624  0.908280 -0.258908 2600 3
 0.963649 -0.249330  0.095995 1000 4
-0.659928 -0.098115 -0.744895 2600 1
 0.135332 -0.989045 -0.058954  400 2
 0.483198 -0.770804  0.415188 2600 3
 0.540106  0.558685 -0.629410 1000 4
 0.640855  0.725533  0.250813 2600 1
-0.016571  0.795734  0.605419  400 2
 0.541711  0.817353 -0.196169 1000 3
-0.556741  0.110120  0.823355 2600 4
 0.096339 -0.864035 -0.494128 1000 1
 0.180976 -0.915242 -0.359973 2600 2
 0.248915 -0.072883  0.965779  400 3
-0.165162  0.948250 -0.271190 2600 4
 0.782924  0.279448  0.555823 1000 1
-0.951820 -0.277249 -0.131042    0 2
 0.836828  0.304807 -0.454765 2600 3
 0.427361 -0.329309 -0.841973  400 4
 0.123716  0.206788  0.970532 1000 1
 0.886905 -0.338759  0.314074 2600 2
-0.627138  0.518262  0.581466 2600 3
-0.470613 -0.540780  0.697194  400 4
-0.829607 -0.552851 -0.078153 1000 1
 0.242945 -0.351722 -0.904029 2600 2
 0.963894  0.110150 -0.242434 1000 3
 0.737292  0.659085 -0.148350 2600 4
-0.138054 -0.577861 -0.804374  400 1
 0.869505 -0.468183 -0.157368 2600 2
-0.737481  0.461162 -0.493408 1000 3
-0.658562  0.403794  0.635016    0 4
-0.999175  0.036435  0.017922 2600 1
-0.623827  0.748677 -0.224326  400 2
-0.205974 -0.647629 -0.733588 1000 3
-0.364300  0.169902 -0.915652 2600 4
-0.523202 -0.539567 -0.659642 2600 1
 0.109735 -0.993802  0.017761 1000 2
-0.980133 -0.192229 -0.048864  400 3
-0.778538  0.325857  0.536373 2600 4
 0.138144  0.855539 -0.498968 1000 1
 0.050609  0.944645  0.324169 2600 2
-0.771813  0.516886  0.370316  400 3
 0.424211  0.187473  0.885945 2600 4
 0.704710 -0.497354 -0.505987 1000 1
 0.498525 -0.241924  0.832434    0 2
 0.082767 -0.426839  0.900532 2600 3
 0.483160  0.872032 -0.078212  400 4
-0.108494  0.519994 -0.847252 1000 1
-0.707545 -0.283758  0.647195 2600 2
-0.651046 -0.689998 -0.316294 1000 3
 0.444057  0.792252 -0.418509 2600 4
 0.141845 -0.405377  0.903078  400 1
-0.442263 -0.810839 -0.383332 2600 2
-0.579733  0.134171  0.803684 1000 3
-0.650280  0.759332  0.023470 2600 4
-0.689343  0.284513 -0.666227  400 1
-0.534309  0.836424 -0.122102 1000 2
 0.848145  0.350405  0.397325 2600 3
 0.125264  0.890896 -0.436594    0 4
-0.088523 -0.564514 -0.820663 2600 1
 0.304724 -0.300065  0.903938 1000 2
 0.836367  0.046287 -0.546211  400 3
-0.620690 -0.784016 -0.007936 2600 4
-0.252581 -0.215815  0.943200 1000 1
 0.304596  0.279211 -0.910638 2600 2
 0.852796 -0.479425  0.207100  400 3
 0.802437 -0.549053  0.233741 2600 4
 0.668720  0.308758 -0.676374 1000 1
-0.812608  0.010854 -0.582710 2600 2
-0.277797 -0.901608  0.331559  400 3
-0.858399 -0.021894 -0.512515 1000 4
-0.231982  0.799679  0.553803 2600 1
-0.163176 -0.643153 -0.748150    0 2
-0.260534  0.964126 -0.050826 2600 3
-0.753841  0.606102  0.253700 1000 4
 0.321266 -0.921071  0.220038  400 1
 0.916436  0.100506 -0.387354 2600 2
-0.098541  0.964364  0.245544 1000 3
 0.609221 -0.681970 -0.404680 2600 4
-0.080825  0.362936  0.928302  400 1
-0.082841 -0.773858  0.627918 2600 2
-0.963469  0.035624 -0.265438 1000 3
 0.596331  0.651535  0.468925 2600 4
 0.565610 -0.756066 -0.329316  400 1
 0.435087  0.734467  0.520823 1000 2
-0.104826  0.165908  0.980554 2600 3
-0.534752  0.623728 -0.570091 1000 4
 0.578721 -0.587819  0.565289 2600 1
 0.861310  0.442564  0.249563  400 2
 0.878777  0.471971 -0.070672 2600 3
-0.285680 -0.660100  0.694733 1000 4
 0.963023 -0.214983 -0.162383    0 1
-0.271267  0.849569 -0.452379 2600 2
 0.171425  0.517487 -0.838344  400 3
-0.300969 -0.385097 -0.872420 1000 4
-0.407004 -0.912951  0.029466 2600 1
-0.433108 -0.077939  0.897966 2600 2
-0.311600  0.055190  0.948609  400 3
 0.283303 -0.934621  0.214995 1000 4
-0.244571  0.585383 -0.772989 2600 1
 0.290042  0.924959 -0.245616 1000 2
 0.811298 -0.239534  0.533310 2600 3
 0.761184  0.364544  0.536383  400 4
 0.231022  0.379431  0.895913 2600 1
-0.970416  0.166568  0.174777 1000 2
 0.214326  0.958826  0.186324    0 3
 0.892378 -0.311440 -0.326598 2600 4
-0.709747  0.262783  0.653608  400 1
 0.062888  0.003433 -0.998015 1000 2
-0.643588 -0.672022  0.366307 2600 3
-0.968651  0.199057 -0.148631 2600 4
-0.406184 -0.913381 -0.027387 1000 1
 0.433255 -0.567643  0.700051  400 2
-0.102933 -0.988617 -0.109734 2600 3
-0.055440  0.704742  0.707295 1000 4
 0.203145  0.621467 -0.756645 2600 1
 0.434615  0.862811  0.258198  400 2
 0.547833 -0.707821 -0.445947 1000 3
 0.166267  0.740166  0.651544 2600 4
-0.462993  0.719546 -0.517582    0 1
-0.282228  0.643404  0.711603 2600 2
-0.747669 -0.488403  0.449948  400 3
 0.949343  0.311608  0.040606 1000 4
-0.733899  0.122331  0.668153 2600 1
 0.849242 -0.482897  0.213540 1000 2
-0.523148  0.278787 -0.805353 2600 3
-0.240186  0.913255  0.329052  400 4
-0.609909  0.768922 -0.191754 2600 1
-0.410569  0.322328  0.852958 1000 2
-0.613005 -0.312031 -0.725852 2600 3
 0.980457 -0.144592  0.133404  400 4
-0.978818 -0.114435  0.169767 2600 3
-0.535762  0.002037 -0.844367  400 2
 0.944686  0.240409  0.223095 2600 4
 0.259651 -0.726467  0.636261 1000 1
-0.629183 -0.666669  0.399600 1000 2
 0.343397 -0.921593 -0.180957 2600 1
 0.850372  0.195885 -0.488362    0 3
 0.511315 -0.128053  0.849799 1000 4
 0.085229  0.955668 -0.281843 2600 1
-0.084279  0.865038 -0.494577  400 2
 0.565647  0.455384 -0.687509 2600 3
 0.655148  0.526167  0.542152 1000 4
 0.152107 -0.208315  0.966162 2600 1
-0.442563 -0.552025 -0.706687  400 2
 0.445414 -0.305057 -0.841752 2600 3
-0.857924 -0.195860  0.474980 1000 4
