  0.528793   0.761761   0.374298     0   1
 -0.568327  -0.536098   0.624183  2600   2
  0.546173   0.815066  -0.193292  1000   3
  0.651732   0.304614   0.694590   300   4
 -0.580827  -0.007916  -0.813989  2600   1
 -0.928918   0.198128  -0.312821  1000   2
  0.408421  -0.780196  -0.473799  2600   3
 -0.408849   0.416307   0.812115  1000   4
  0.690650   0.690338   0.215489  2600   1
 -0.303859  -0.847415   0.435382   300   2
  0.556210  -0.563478   0.610839  2600   3
 -0.154721   0.566683  -0.809279  1000   4
  0.955418  -0.199277  -0.217867  2600   1
 -0.142113  -0.875227  -0.462365  1000   2
 -0.188907   0.981876  -0.015292  2600   3
  0.643915  -0.032103  -0.764424   300   4
  0.322581  -0.351549  -0.878837  2600   1
  0.592992  -0.781177   0.195251  1000   2
  0.046826  -0.061331   0.997018  2600   3
 -0.950903  -0.205676   0.231261  1000   4
  0.180163  -0.982799   0.040596   300   1
 -0.969219  -0.242127  -0.044587  2600   2
 -0.266272  -0.155975  -0.951195     0   3
 -0.022207   0.848222  -0.529175  2600   4
  0.316698   0.300419   0.899695  1000   1
 -0.456867  -0.768936  -0.447225  2600   2
 -0.561982  -0.539044   0.627381  1000   3
  0.750195   0.002695  -0.661211  2600   4
 -0.821132   0.165566  -0.546196   300   1
  0.865458  -0.422182  -0.269713  1000   2
 -0.930908   0.207737  -0.300426  2600   3
  0.505196  -0.858187   0.091064  2600   4
 -0.796371  -0.470489  -0.380043  1000   1
 -0.929695  -0.147845   0.337356   300   2
  0.168995   0.722272   0.670644  2600   3
 -0.016826   0.994302   0.105265  1000   4
 -0.272183  -0.212385   0.938514  2600   1
  0.500112  -0.863307  -0.067746     0   2
 -0.362483  -0.924187   0.120352  2600   3
  0.633400  -0.067493  -0.770876  1000   4
  0.342438   0.738132   0.581289   300   1
  0.774580   0.249898   0.581014  2600   2
  0.560527   0.042916   0.827023  1000   3
 -0.785874   0.535875  -0.308611  2600   4
  0.023098  -0.828641   0.559304  1000   1
 -0.643437   0.724500   0.247161  2600   2
  0.054695   0.493963  -0.867761   300   3
  0.539616   0.746259  -0.389760  2600   4
  0.142859  -0.693349  -0.706300  1000   1
 -0.016737   0.369968  -0.928894  2600   2
  0.083021   0.282516  -0.955663  1000   3
  0.075410  -0.562547  -0.823319  2600   4
  0.820254  -0.377432  -0.429801   300   1
  0.819964  -0.269515  -0.504996  2600   2
 -0.858982   0.504134  -0.089435  1000   3
 -0.927454  -0.283861   0.243416  2600   4
  0.741487  -0.207317   0.638136  1000   1
 -0.661461   0.694275  -0.283641   300   2
  0.541590   0.305748   0.783070  2600   3
  0.172275   0.892951  -0.415884     0   4
  0.299375  -0.737970   0.604793  2600   1
  0.878743   0.477242   0.007046  1000   2
 -0.604099   0.314020   0.732431  2600   3
  0.074450   0.048113   0.996063  1000   4
 -0.174530  -0.896929  -0.406272  2600   1
  0.337108  -0.030183   0.940982   300   2
 -0.213325   0.944579  -0.249524  1000   3
 -0.316426   0.193058  -0.928765  2600   4
  0.032562   0.975164  -0.219076  2600   1
 -0.504469   0.685072   0.525535  1000   2
  0.326157   0.942193   0.076777   300   3
 -0.865144  -0.413583  -0.283681  2600   4
  0.347259   0.927196   0.140423  1000   1
  0.920654  -0.387486   0.047430  2600   2
  0.995473   0.093296  -0.018143     0   3
 -0.293707  -0.481703   0.825650  2600   4
  0.453552   0.258908  -0.852794  1000   1
  0.404984  -0.521160  -0.751252   300   2
 -0.006505  -0.273943  -0.961724  2600   3
 -0.235768  -0.630377  -0.739620  1000   4
  0.781120   0.300861  -0.547114  2600   1
 -0.499241   0.459624  -0.734510  1000   2
  0.845094   0.533921  -0.027305  2600   3
 -0.744221  -0.624567   0.236751   300   4
  0.770701  -0.343283   0.536821  2600   1
 -0.773621  -0.240264   0.586331  1000   2
 -0.287755  -0.710136   0.642576  2600   3
  0.668619  -0.717098  -0.196770  1000   4
 -0.651856   0.550082   0.522010  2600   1
  0.730325   0.629638   0.264916   300   2
 -0.296852   0.494849  -0.816703  2600   3
 -0.345468  -0.797844   0.494062  1000   4
  0.233551   0.445820   0.864117  2600   1
  0.592348   0.420915   0.686989  1000   2
  0.474915  -0.470585   0.743643   300   3
 -0.116993   0.940805   0.318117  2600   4
 -0.669066   0.420990  -0.612469     0   1
 -0.123881  -0.987426  -0.098203  2600   2
 -0.970430  -0.158059  -0.182435  1000   3
  0.801011  -0.051846   0.596400  2600   4
  0.988835  -0.136841  -0.058992  1000   1
 -0.515062   0.038407   0.856292  2600   2
  0.590451  -0.774627  -0.226543   300   3
  0.662226   0.736039   0.140366  1000   4
 -0.745970   0.664946  -0.037080  2600   1
  0.637843   0.764768  -0.091031  2600   2
  0.395629  -0.753575   0.524978  1000   3
 -0.945084   0.322470  -0.053194   300   4
 -0.935914  -0.100513  -0.337583  2600   1
  0.297522  -0.074934  -0.951770  1000   2
 -0.682745  -0.532561  -0.500237  2600   3
  0.454247  -0.503693  -0.734815     0   4
  0.397268  -0.897689  -0.190610  2600   1
  0.169978   0.961787  -0.214649  1000   2
  0.089436   0.438344   0.894346   300   3
 -0.385709   0.590688   0.708743  2600   4
 -0.704001   0.390682   0.593085  1000   1
  0.275143  -0.904961   0.324564  2600   2
  0.228739  -0.885691  -0.404018  1000   3
  0.998682  -0.045427   0.023879  2600   4
  0.547373   0.456372  -0.701504   300   1
 -0.307626  -0.133666  -0.942072  2600   2
 -0.493779  -0.727787  -0.475928  1000   3
 -0.431889  -0.885920  -0.169166  2600   4
 -0.314239   0.213599  -0.925003  1000   1
 -0.557272   0.745198  -0.366235  2600   2
 -0.964266  -0.193651  -0.180806   300   3
 -0.231533   0.079575   0.969567  2600   4
 -0.766300  -0.551952   0.328836  1000   1
  0.261505   0.878420  -0.399991  2600   2
  0.887869  -0.087062  -0.451784  1000   3
 -0.190719   0.832935  -0.519467   300   4
 -0.767155  -0.544544   0.339037  2600   1
 -0.575080  -0.315992   0.754607     0   2
  0.559883   0.266234  -0.784634  2600   3
  0.726581  -0.531101   0.435904  1000   4
 -0.008291   0.639928  -0.768390  2600   1
 -0.215820  -0.583765   0.782713  1000   2
 -0.919678  -0.035583   0.391058  2600   3
  0.130608  -0.869261  -0.476789   300   4
 -0.390197   0.917193   0.080646  1000   1
 -0.121709   0.792211   0.597987  2600   2
  0.837013  -0.486096  -0.251238  2600   3
 -0.830089  -0.136750  -0.540602  1000   4
 -0.192740  -0.004217   0.981241   300   1
  0.564665  -0.293385   0.771413  2600   2
 -0.051955   0.399470   0.915273  1000   3
  0.443370   0.576842   0.686058  2600   4
