 -0.362990   0.680515   0.636504     0   3
 -0.281504  -0.607348  -0.742889   900   3
 -0.801485   0.135274  -0.582515  1600   3
 -0.442858   0.113448   0.889385  2500   3
  0.808095  -0.540533  -0.234109  3600   3
  0.344537  -0.877298  -0.334128  4900   3
  0.602160  -0.329386   0.727260  6400   3
 -0.892537   0.450316   0.024334   900   3
 -0.458692  -0.648034   0.607992  1600   3
 -0.864837  -0.083630  -0.495038  2500   3
  0.440735   0.521669   0.730489  3600   3
  0.236715   0.502525  -0.831525  4900   3
  0.241189   0.964923   0.103691  6400   3
 -0.172680  -0.624475   0.761717   900   3
