 -0.362990   0.680515   0.636504     0   3
 -0.281504  -0.607348  -0.742889   900   3
 -0.801485   0.135274  -0.582515  1600   3
 -0.442858   0.113448   0.889385  2500   3
  0.808095  -0.540533  -0.234109  3600   3
  0.344537  -0.877298  -0.334128  4900   3
  0.602160  -0.329386   0.727260  6400   3
 -0.892537   0.450316   0.024334   900   3
 -0.458692  -0.648034   0.607992  1600   3
 -0.864837  -0.083630  -0.495038  2500   3
  0.440735   0.521669   0.730489  3600   3
  0.236715   0.502525  -0.831525  4900   3
  0.241189   0.964923   0.103691  6400   3
 -0.172680  -0.624475   0.761717   900   3
 -0.214797   0.740405   0.636916  1600   3
  0.142818  -0.981150   0.130180  2500   3
  0.367274   0.705948  -0.605597  3600   3
 -0.961007  -0.147576  -0.233851  4900   3
 -0.755773   0.111204   0.645322  6400   3
  0.721088   0.584717  -0.371670     0   3
  0.802152   0.591995   0.078062   900   3
  0.960973   0.021358  -0.275817  1600   3
  0.685355   0.704950  -0.182574  2500   3
 -0.671986   0.298439  -0.677768  3600   3
  0.214291   0.110044   0.970551  4900   3
  0.018329  -0.567370  -0.823259  6400   3
  0.515087  -0.408114  -0.753742   900   3
  0.283583  -0.844145   0.454973  1600   3
 -0.237966   0.512671  -0.824949  2500   3
 -0.614688   0.002129   0.788767  3600   3
  0.509884   0.858786  -0.050045  4900   3
 -0.981187  -0.135876  -0.137148  6400   3
  0.480466  -0.658532   0.579213     0   3
 -0.590054   0.355725  -0.724773   900   3
  0.549524   0.644871   0.531191  1600   3
  0.851357  -0.343172  -0.396768  2500   3
 -0.183897  -0.974534  -0.128315  3600   3
 -0.792525   0.081567   0.604360  4900   3
  0.184465   0.547821  -0.816005  6400   3
 -0.014792  -0.998014   0.061228   900   3
 -0.079808   0.224241  -0.971260  1600   3
  0.223281   0.580498   0.783050  2500   3
  0.956837   0.273521  -0.098228  3600   3
  0.701735  -0.611253   0.365975  4900   3
  0.778638  -0.627219  -0.017862  6400   3
 -0.280084  -0.189639  -0.941058     0   3
 -0.721140  -0.214139   0.658864   900   3
  0.639573  -0.702846  -0.311374  1600   3
  0.833643  -0.499914   0.234788  2500   3
 -0.433009   0.884669  -0.172810  3600   3
  0.419300   0.691244   0.588531  4900   3
 -0.647393  -0.675020   0.353879  6400   3
  0.235926   0.059283   0.969961   900   3
 -0.426844  -0.901527  -0.071093  1600   3
  0.221051  -0.870269  -0.440192  2500   3
  0.109104  -0.586603  -0.802492  3600   3
  0.151430  -0.845923   0.511355  4900   3
 -0.500565  -0.462290  -0.731931  6400   3
 -0.487366   0.871912   0.047366   900   3
 -0.419171   0.202679   0.884995  1600   3
 -0.296425  -0.449891   0.842455  2500   3
 -0.155071   0.188518  -0.969750  3600   3
  0.439243  -0.517206  -0.734550  4900   3
  0.276370  -0.939228   0.203643  6400   3
 -0.933525  -0.131895  -0.333369     0   3
  0.916232   0.002834   0.400637   900   3
 -0.772970   0.594774  -0.220819  1600   3
 -0.976640  -0.212424   0.032420  2500   3
 -0.699631  -0.667579  -0.254666  3600   3
 -0.849247  -0.395968   0.349269  4900   3
  0.100778  -0.049493   0.993677  6400   3
  0.527434   0.772842  -0.352886   900   3
  0.846036   0.525906   0.087448  1600   3
  0.369309   0.893867   0.254192  2500   3
  0.261466  -0.668191   0.696532  3600   3
 -0.670517  -0.129235  -0.730552  4900   3
 -0.535414   0.656472   0.531391  6400   3
 -0.088186  -0.996104  -0.000174     0   3
  0.185311  -0.865296  -0.465750   900   3
 -0.161765  -0.385977  -0.908215  1600   3
 -0.485569   0.037117  -0.873410  2500   3
 -0.948298   0.243339  -0.203759  3600   3
 -0.930169   0.356297   0.088536  4900   3
  0.901544   0.432090  -0.022717  6400   3
 -0.970813  -0.067746   0.230072   900   3
  0.723228   0.190425  -0.663837  1600   3
  0.795617   0.270407  -0.542100  2500   3
  0.321897  -0.849653  -0.417699  3600   3
 -0.389805   0.353683  -0.850271  4900   3
 -0.295476   0.776733  -0.556219  6400   3
 -0.914198   0.183063   0.361566     0   3
  0.209044   0.070252  -0.975379   900   3
  0.134593  -0.977146  -0.164532  1600   3
 -0.367076   0.839441  -0.400742  2500   3
 -0.641473  -0.538332   0.546544  3600   3
  0.051033  -0.994181  -0.094872  4900   3
 -0.421995  -0.115203   0.899249  6400   3
  0.346952  -0.812666   0.468187   900   3
  0.343760  -0.381386   0.858122  1600   3
  0.107655  -0.527085  -0.842966  2500   3
 -0.113091   0.308015   0.944636  3600   3
  0.374413   0.016683  -0.927112  4900   3
  0.516168   0.697666   0.496823  6400   3
  0.468521   0.708183   0.528171   900   3
 -0.946999  -0.237616  -0.216173  1600   3
 -0.182397  -0.817213   0.546712  2500   3
 -0.837760  -0.187159  -0.512962  3600   3
  0.454770   0.809667  -0.370976  4900   3
 -0.786534   0.094233  -0.610316  6400   3
  0.438544   0.063523  -0.896462     0   3
  0.624655   0.171672   0.761797   900   3
  0.008578   0.931820  -0.362820  1600   3
 -0.725007   0.627903   0.283024  2500   3
  0.394404   0.911956  -0.113057  3600   3
 -0.127388   0.567791   0.813256  4900   3
  0.021383  -0.953399  -0.300953  6400   3
 -0.758956   0.334679   0.558547   900   3
 -0.941379   0.265795   0.207746  1600   3
 -0.765904  -0.567537  -0.302148  2500   3
 -0.851060   0.293558   0.435339  3600   3
 -0.584033   0.798482  -0.146056  4900   3
  0.860321   0.167595  -0.481414  6400   3
  0.619393   0.481230   0.620299     0   3
 -0.090066   0.502675  -0.859771   900   3
  0.423297   0.242977   0.872801  1600   3
  0.184236   0.055875   0.981293  2500   3
  0.658965  -0.689717   0.300091  3600   3
  0.682302   0.599393   0.418559  4900   3
 -0.911405   0.369095   0.181962  6400   3
 -0.322661  -0.945717  -0.038847   900   3
  0.207943   0.603837  -0.769507  1600   3
 -0.715639   0.446582  -0.537053  2500   3
  0.146150   0.341851  -0.928320  3600   3
  0.963708  -0.145012   0.224138  4900   3
 -0.157695  -0.794865   0.585936  6400   3
 -0.045441   0.639406  -0.767525     0   3
 -0.788959   0.559036  -0.254994   900   3
 -0.629993   0.374881   0.680128  1600   3
  0.676798  -0.236344  -0.697198  2500   3
 -0.406771  -0.215471  -0.887755  3600   3
  0.076357  -0.465012   0.882005  4900   3
 -0.273884   0.378307   0.884235  6400   3
 -0.904449  -0.344796  -0.251172   900   3
 -0.815727  -0.528748   0.234554  1600   3
  0.188010   0.951949  -0.241755  2500   3
  0.148019  -0.928945   0.339341  3600   3
  0.781332  -0.539015  -0.314617  4900   3
 -0.741435   0.609490  -0.280707  6400   3
  0.221586  -0.446354  -0.866988   900   3
  0.181886   0.755645   0.629221  1600   3
  0.742421   0.389718   0.544913  2500   3
  0.865137   0.284933  -0.412736  3600   3
 -0.631928  -0.546887   0.549165  4900   3
 -0.725097  -0.644544  -0.242480  6400   3
 -0.698881   0.697150  -0.159836     0   3
  0.684632   0.509095  -0.521634   900   3
  0.579283  -0.676586   0.454602  1600   3
  0.486824  -0.856382  -0.172084  2500   3
 -0.068213   0.807568   0.585817  3600   3
 -0.253160  -0.545190  -0.799173  4900   3
 -0.352333  -0.148787  -0.923972  6400   3
 -0.052211   0.928426  -0.367830   900   3
  0.461049   0.115439  -0.879834  1600   3
 -0.667549  -0.573339   0.475038  2500   3
  0.963827   0.087508   0.251752  3600   3
 -0.046951   0.975983  -0.212727  4900   3
  0.389867   0.835138  -0.388006  6400   3
 -0.426088  -0.820930  -0.380161     0   3
  0.482831  -0.806440  -0.341364   900   3
  0.845249   0.178603   0.503642  1600   3
  0.100047   0.058111  -0.993284  2500   3
  0.651561  -0.530066  -0.542677  3600   3
  0.971267   0.227436  -0.070087  4900   3
 -0.285720   0.848535   0.445368  6400   3
  0.986455  -0.160533  -0.033713   900   3
  0.423131  -0.900855  -0.097054  1600   3
  0.961931  -0.254550   0.099463  2500   3
  0.476903   0.724932   0.497029  3600   3
  0.666820  -0.190652   0.720419  4900   3
  0.868250   0.157538   0.470451  6400   3
 -0.412581  -0.514560   0.751668     0   3
  0.093572   0.423598   0.901004   900   3
 -0.356406  -0.905738   0.229376  1600   3
 -0.282975  -0.782277  -0.554949  2500   3
 -0.126697  -0.623591   0.771416  3600   3
  0.231894   0.872529   0.430020  4900   3
 -0.096090   0.403228  -0.910041  6400   3
  0.330547  -0.317004   0.888958   900   3
  0.936633  -0.329296   0.119512  1600   3
 -0.325186   0.661990   0.675295  2500   3
  0.435513  -0.092965   0.895369  3600   3
 -0.611419  -0.088945   0.786292  4900   3
  0.779727  -0.367904  -0.506629  6400   3
  0.490587   0.125631  -0.862288   900   3
  0.136976  -0.307985  -0.941479  1600   3
  0.515931  -0.351117   0.781366  2500   3
  0.376925  -0.147445  -0.914433  3600   3
 -0.711106  -0.695217  -0.104889  4900   3
  0.684165   0.442433  -0.579802  6400   3
  0.726054  -0.615180  -0.307244     0   3
  0.050879   0.965440   0.255611   900   3
  0.166237   0.960526   0.223057  1600   3
 -0.975097   0.134367   0.176444  2500   3
  0.651231   0.757256  -0.049606  3600   3
  0.085713  -0.061923  -0.994394  4900   3
  0.296244  -0.946399  -0.128720  6400   3
 -0.730032  -0.547979  -0.408378   900   3
 -0.611797   0.457087  -0.645581  1600   3
  0.069223   0.632711  -0.771288  2500   3
 -0.668038   0.743994   0.014071  3600   3
 -0.552167   0.674136   0.490563  4900   3
  0.806289  -0.367462   0.463540  6400   3
  0.964781   0.228291  -0.130692     0   3
  0.796351  -0.346569   0.495697   900   3
 -0.208972  -0.331037   0.920188  1600   3
  0.857196   0.514772   0.014982  2500   3
 -0.952456   0.004078   0.304649  3600   3
 -0.459546   0.740532  -0.490337  4900   3
  0.204389  -0.079047  -0.975693  6400   3
 -0.773052  -0.589861   0.233355   900   3
 -0.654781  -0.092629  -0.750121  1600   3
 -0.124223  -0.990353  -0.061398  2500   3
  0.159368  -0.987161   0.010727  3600   3
  0.928042   0.085523  -0.362526  4900   3
 -0.482476  -0.870520   0.097015  6400   3
 -0.173854   0.328910   0.928220     0   3
 -0.768223   0.566110   0.298919   900   3
  0.788601  -0.440282  -0.429255  1600   3
  0.410960   0.281953   0.866957  2500   3
  0.800243  -0.435843   0.411887  3600   3
 -0.812488   0.320858  -0.486738  4900   3
 -0.992469   0.119342   0.027605  6400   3
 -0.192778  -0.831793   0.520535   900   3
  0.660070   0.748805  -0.059986  1600   3
 -0.657072  -0.075482   0.750039  2500   3
 -0.404928  -0.181763   0.896100  3600   3
 -0.243746  -0.955130   0.168271  4900   3
 -0.258204  -0.686990  -0.679247  6400   3
  0.861069  -0.020574  -0.508071   900   3
 -0.873730  -0.254564   0.414480  1600   3
 -0.629910   0.698905  -0.338740  2500   3
 -0.212161  -0.876740  -0.431643  3600   3
  0.813014   0.295647   0.501599  4900   3
 -0.355972   0.523339  -0.774209  6400   3
 -0.408627   0.296346  -0.863251     0   3
 -0.041193   0.672994   0.738500   900   3
 -0.488825   0.843609  -0.222203  1600   3
 -0.456200  -0.811162   0.365921  2500   3
 -0.014994   0.811566  -0.584068  3600   3
 -0.039994  -0.706920   0.706162  4900   3
  0.661227   0.211317   0.719808  6400   3
  0.567273  -0.784374   0.250915   900   3
 -0.364865  -0.548801  -0.752124  1600   3
 -0.193362   0.968340   0.157892  2500   3
 -0.890161  -0.376464  -0.256688  3600   3
 -0.068399  -0.748927  -0.659113  4900   3
 -0.553248   0.831439  -0.051245  6400   3
 -0.029512   0.897514   0.439997     0   3
 -0.494013   0.069830  -0.866646   900   3
  0.042776  -0.763419   0.644486  1600   3
  0.723607  -0.145159   0.674775  2500   3
 -0.383859   0.665541   0.640084  3600   3
 -0.276797   0.301392   0.912440  4900   3
  0.552222  -0.424020  -0.717815  6400   3
 -0.209526  -0.362777   0.908015   900   3
 -0.352773   0.852047   0.386739  1600   3
  0.171753  -0.231864  -0.957466  2500   3
  0.678599  -0.006369   0.734481  3600   3
  0.780959  -0.624575  -0.003000  4900   3
 -0.179368  -0.957999   0.223751  6400   3
 -0.248221  -0.852131   0.460715     0   3
  0.596856   0.768895   0.229269   900   3
  0.104697   0.094162   0.990036  1600   3
  0.942425   0.127945  -0.308975  2500   3
 -0.788208  -0.547670   0.280689  3600   3
  0.495773   0.367102  -0.787048  4900   3
  0.969952   0.158893  -0.184243  6400   3
 -0.381569   0.178696   0.906903   900   3
 -0.791494  -0.471364  -0.389041  1600   3
 -0.507106  -0.516078  -0.690294  2500   3
 -0.415609   0.391821  -0.820820  3600   3
 -0.420402  -0.291368  -0.859283  4900   3
  0.445794   0.396935  -0.802316  6400   3
  0.988800   0.096098   0.114189   900   3
  0.700672   0.481714  -0.526318  1600   3
  0.176948  -0.748063   0.639603  2500   3
  0.821865  -0.003984  -0.569669  3600   3
 -0.342479   0.938801   0.036887  4900   3
 -0.017041   0.803776   0.594688  6400   3
  0.956119  -0.284905   0.068297     0   3
 -0.576071  -0.461853  -0.674414   900   3
  0.342272  -0.497337  -0.797186  1600   3
  0.638860  -0.505422  -0.580005  2500   3
  0.169654   0.437194   0.883221  3600   3
  0.861574   0.503100  -0.067676  4900   3
  0.339012  -0.220837   0.914496  6400   3
 -0.098913   0.756451  -0.646528   900   3
  0.999322  -0.025732   0.026317  1600   3
 -0.632172  -0.765723  -0.118434  2500   3
 -0.230871  -0.881471   0.411955  3600   3
 -0.708668   0.398750   0.582054  4900   3
  0.502390   0.839050   0.208804  6400   3
  0.682583   0.055589   0.728691     0   3
 -0.333136   0.678591   0.654625   900   3
 -0.342824   0.641788  -0.685988  1600   3
  0.575001   0.377966  -0.725614  2500   3
  0.947476  -0.293813  -0.126348  3600   3
 -0.140764   0.186906  -0.972240  4900   3
  0.502084  -0.793218   0.344553  6400   3
 -0.603618   0.608268  -0.515418   900   3
 -0.367341  -0.839645  -0.400071  1600   3
  0.703470  -0.710249   0.026016  2500   3
 -0.071688   0.955276   0.286895  3600   3
 -0.245136  -0.960006  -0.135267  4900   3
 -0.842956  -0.437552   0.313006  6400   3
  0.523721   0.848626  -0.074501     0   3
  0.868744   0.305257  -0.390002   900   3
 -0.849358   0.128932   0.511828  1600   3
  0.981517   0.014704   0.190807  2500   3
  0.129007   0.029365  -0.991209  3600   3
  0.583278  -0.490711   0.647294  4900   3
  0.027788   0.261435   0.964821  6400   3
 -0.331848  -0.884130  -0.328926   900   3
  0.581890  -0.200268   0.788224  1600   3
 -0.027540  -0.346247   0.937739  2500   3
  0.707598   0.498025   0.501274  3600   3
 -0.994715   0.065049   0.079438  4900   3
  0.914708  -0.377098   0.145283  6400   3
 -0.433821  -0.662742   0.610387   900   3
 -0.210340   0.966757  -0.145386  1600   3
  0.074055   0.928501   0.363871  2500   3
 -0.391719   0.795767  -0.461857  3600   3
 -0.371522  -0.679562   0.632587  4900   3
 -0.058445   0.909751  -0.411021  6400   3
  0.394043  -0.908887  -0.136580     0   3
 -0.755550   0.082950  -0.649818   900   3
  0.244675   0.826332  -0.507257  1600   3
 -0.420036   0.408892   0.810171  2500   3
 -0.593583   0.733175   0.331833  3600   3
 -0.055910   0.918338   0.391827  4900   3
 -0.721766  -0.457280  -0.519566  6400   3
 -0.229442   0.959667   0.162465   900   3
  0.841823  -0.527616  -0.113818  1600   3
 -0.885507   0.219942  -0.409272  2500   3
  0.680262   0.276469  -0.678828  3600   3
 -0.871121  -0.433919  -0.229919  4900   3
 -0.668462  -0.164582   0.725308  6400   3
 -0.775624  -0.191458   0.601458     0   3
  0.911674  -0.270735  -0.309116   900   3
 -0.184821  -0.016895   0.982627  1600   3
 -0.444014   0.888405  -0.116571  2500   3
  0.864679  -0.127661   0.485832  3600   3
  0.561224  -0.227928  -0.795661  4900   3
  0.743783  -0.589590  -0.314912  6400   3
  0.048026  -0.178301  -0.982803   900   3
 -0.944262   0.077981  -0.319825  1600   3
  0.548569   0.705548   0.448635  2500   3
 -0.462133  -0.862300  -0.207054  3600   3
  0.455424  -0.051463   0.888786  4900   3
  0.080852  -0.676679   0.731826  6400   3
 -0.167766  -0.617636  -0.768362     0   3
  0.273294   0.928864  -0.250045   900   3
  0.023295  -0.890148  -0.455075  1600   3
  0.414751   0.648498  -0.638304  2500   3
  0.401275  -0.427744  -0.809947  3600   3
  0.158057   0.872213  -0.462886  4900   3
  0.287024  -0.646240  -0.707101  6400   3
  0.713895  -0.699241  -0.037631   900   3
 -0.491695  -0.394646   0.776203  1600   3
 -0.852607   0.064683   0.518534  2500   3
 -0.543147  -0.764387   0.347425  3600   3
 -0.594633   0.781826   0.187508  4900   3
  0.726178   0.684978  -0.058915  6400   3
  0.807033   0.256007   0.532126   900   3
  0.641033   0.726665   0.247051  1600   3
 -0.252949   0.230239  -0.939684  2500   3
 -0.850557   0.517317  -0.094528  3600   3
  0.861540  -0.013282   0.507516  4900   3
 -0.941777   0.116776  -0.315309  6400   3
 -0.223338   0.918114  -0.327393     0   3
 -0.660061   0.105542   0.743761   900   3
 -0.359089   0.056509  -0.931591  1600   3
  0.012474  -0.761384  -0.648181  2500   3
  0.142360   0.121302   0.982354  3600   3
  0.761573   0.257141  -0.594882  4900   3
 -0.152068  -0.248851   0.956529  6400   3
  0.365455  -0.595430   0.715476   900   3
  0.517617  -0.635828  -0.572534  1600   3
 -0.858484  -0.433961   0.273281  2500   3
  0.096600   0.981142  -0.167419  3600   3
 -0.496333  -0.820672  -0.283109  4900   3
 -0.038072   0.998953  -0.025365  6400   3
 -0.024061  -0.198289   0.979848     0   3
 -0.933174  -0.350468   0.079740   900   3
  0.821219  -0.385360   0.420829  1600   3
  0.474676  -0.623719   0.621013  2500   3
 -0.635141  -0.291701  -0.715197  3600   3
 -0.286211   0.629502  -0.722364  4900   3
  0.252591   0.427469   0.868025  6400   3
 -0.373530  -0.309231  -0.874558   900   3
 -0.580515  -0.736842   0.346507  1600   3
 -0.662800  -0.170053  -0.729231  2500   3
  0.564122  -0.574636   0.592924  3600   3
 -0.050755  -0.360680  -0.931308  4900   3
 -0.926227   0.112880   0.359668  6400   3
 -0.810030  -0.560881  -0.171067     0   3
  0.485157   0.412780  -0.770866   900   3
 -0.017505   0.596702   0.802272  1600   3
 -0.882970   0.458799   0.099336  2500   3
 -0.656883   0.281850   0.699332  3600   3
  0.900498  -0.234744  -0.366058  4900   3
 -0.559442   0.039158  -0.827944  6400   3
  0.283991  -0.943097   0.172963   900   3
 -0.954583  -0.283701   0.091019  1600   3
  0.427594   0.901948  -0.060444  2500   3
  0.423190   0.460221  -0.780453  3600   3
 -0.182295  -0.243360   0.952651  4900   3
 -0.255201  -0.871768  -0.418203  6400   3
  0.125688   0.826669   0.548471   900   3
 -0.072898   0.520525  -0.850729  1600   3
  0.374186   0.172420  -0.911184  2500   3
 -0.999844   0.012133   0.012822  3600   3
  0.330126  -0.906089   0.264613  4900   3
  0.515331  -0.160504  -0.841827  6400   3
  0.632040  -0.315851  -0.707646     0   3
 -0.933859   0.258869  -0.246768   900   3
 -0.664135   0.747558   0.009056  1600   3
  0.116197   0.337863   0.933995  2500   3
 -0.193057  -0.694010  -0.693599  3600   3
  0.590293   0.446314   0.672575  4900   3
 -0.580435   0.587644  -0.563711  6400   3
 -0.584591  -0.808474   0.067987   900   3
  0.641250   0.385534   0.663447  1600   3
 -0.498941   0.743058   0.446007  2500   3
  0.411683  -0.901758  -0.131720  3600   3
 -0.692130  -0.674348   0.257315  4900   3
 -0.441535  -0.645208   0.623501  6400   3
 -0.801641   0.331076  -0.497755     0   3
  0.068781  -0.192406   0.978902   900   3
 -0.107307  -0.991413   0.074738  1600   3
  0.913680   0.302809   0.271102  2500   3
  0.849908   0.526825   0.010594  3600   3
  0.254610  -0.755243  -0.603972  4900   3
  0.881477   0.387791   0.269473  6400   3
  0.593934  -0.606417  -0.528678   900   3
  0.666906  -0.084864  -0.740293  1600   3
 -0.067735   0.910919  -0.406987  2500   3
 -0.124084   0.475554  -0.870891  3600   3
 -0.879999   0.427650  -0.206680  4900   3
 -0.538854   0.804667   0.249293  6400   3
